staid;metnostaid;souid;cn;elev;lon;lat;etrs_laea_x;etrs_laea_y;utm33_x;utm33_y;date;value;qcode;prid;dqc;sct;rep
28;NA;100084;FI;4;24.94778;60.175;5145681;4206812;1050521;6712518;20200101;1.8;0;1;0;0.13;1.49269
29;NA;100088;FI;139;25.67833;62.40194;5127238;4457052;1050085;6964575;20200101;-1.7;0;1;0;0.18;1.49269
30;NA;100092;FI;179;26.63306;67.36583;5034028;5002706;997172;7518956;20200101;-9.7;0;1;0;0.43;2
55;NA;100202;DE;59;11.38833;53.64417;4412821;3393838;261290;5949995;20200101;5.2;0;1;0;0.34;1.49269
268;NA;100908;EE;82;27.01917;57.84583;5321953;3980532;1211197;6475066;20200101;4.1;0;1;0;0.2;1.49269
269;NA;100912;EE;6;21.81528;58.38306;5009645;3977430;898110;6491558;20200101;5.8;0;1;0;0.33;1.49269
469;NA;102187;DE;26;8.4125;55.0125;4219410;3546348;79057;6116044;20200101;6.7;0;1;0;1.29;1.49269
470;NA;102195;DE;43;9.54917;54.52889;4291804;3491505;147419;6056045;20200101;5.2;0;1;0;0.08;1.49269
471;NA;102203;DE;3;11.06167;54.52944;4389750;3491980;245196;6049567;20200101;6.2;0;1;0;0.02;1.49269
472;NA;102214;DE;4;12.08194;54.18167;4456938;3454729;309582;6007668;20200101;5.7;0;1;0;0.05;1.49269
473;NA;102222;DE;2;13.4075;54.09778;4543876;3448686;395861;5995573;20200101;5.4;0;1;0;0.12;1.49269
197;NA;109430;NO;323;6.22333;60.64583;4113875;4177221;21010;6755409;20200101;2.2;0;1;0;0.19;1.49269
329;NA;109739;NO;13;6.53917;62.85944;4144041;4421798;70295;6998236;20200101;5.9;0;1;0;0.88;1.49269
2692;NA;110790;NO;329;6.37556;61.42028;4126897;4262691;40662;6840044;20200101;1;0;1;0;0.62;1.49269
47;NA;111417;DE;11;9.99;53.635;4320338;3391938;168856;5954584;20200101;5.8;0;1;0;0.16;1.49269
3992;NA;120996;DE;54;13.99306;53.03306;4588738;3332315;432476;5876422;20200101;5.4;0;1;0;0.36;1.49269
3994;NA;121020;DE;42;13.43667;54.68167;4542639;3513689;399210;6060491;20200101;5.6;0;1;0;0.19;1.49269
3995;NA;121032;DE;27;10.14389;54.37556;4330353;3474359;184678;6036180;20200101;5.5;0;1;0;0.13;1.49269
3998;NA;121068;DE;5;10.27444;54.50028;4338785;3488263;194081;6049465;20200101;6.6;0;1;0;0.64;1.49269
4000;NA;121092;DE;81;11.93333;53.32417;4449819;3359064;295768;5912718;20200101;4.8;0;1;0;0;1.49269
4048;NA;121668;DE;3;9.01139;54.07083;4256270;3440882;108339;6008002;20200101;5;0;1;0;0.47;1.49269
4063;NA;121848;DE;18;9.31694;54.30083;4276522;3466245;130363;6031901;20200101;5.4;0;1;0;0.08;1.49269
4116;NA;122484;DE;2;9.24944;53.82917;4271573;3413802;121705;5979862;20200101;5.6;0;1;0;0.01;1.49269
4147;NA;122856;DE;27;9.50806;54.84889;4289389;3527131;147552;6091805;20200101;5.9;0;1;0;0.21;1.49269
4149;NA;122880;DE;9;13.68556;53.84306;4563510;3421263;413517;5966861;20200101;4.8;0;1;0;0.13;1.49269
4152;NA;122916;DE;58;12.10417;53.60694;4460274;3390838;308420;5943690;20200101;4.9;0;1;0;0.03;1.49269
4157;NA;122976;DE;27;10.68056;53.57444;4366087;3385411;214062;5944855;20200101;4.9;0;1;0;0.12;1.49269
4160;NA;123012;DE;12;13.9125;54.24556;4575968;3466781;429136;6011389;20200101;5.1;0;1;0;0.04;1.49269
4164;NA;123060;DE;34;12.32556;54.07306;4473233;3443133;325018;5994958;20200101;5.3;0;1;0;0.07;1.49269
4171;NA;123144;DE;56;13.93583;53.31667;4583178;3363626;429108;5908026;20200101;4.7;0;1;0;0.02;1.49269
4182;NA;123276;DE;3;9.89833;53.47917;4314249;3374602;161558;5937699;20200101;5.9;0;1;0;0.03;1.49269
4222;NA;123756;DE;1;13.10556;54.57667;4521813;3501047;377550;6049335;20200101;5.8;0;1;0;0.02;1.49269
4236;NA;123924;DE;10;9.53917;54.31278;4291000;3467460;144906;6032084;20200101;5.1;0;1;0;0.16;1.49269
4237;NA;123936;DE;10;10.67417;54.32056;4364879;3468434;218712;6027820;20200101;5.6;0;1;0;0.01;1.49269
4261;NA;124224;DE;21;9.56944;53.98944;4292754;3431466;144104;5996008;20200101;5.8;0;1;0;0.35;1.49269
4262;NA;124236;DE;21;9.52056;54.45667;4289897;3483480;144943;6048165;20200101;5.1;0;1;0;0.02;1.49269
4283;NA;124488;DE;12;11.43583;54.00083;4415165;3433583;266422;5989495;20200101;5.3;0;1;0;0.03;1.49269
4318;NA;124908;DE;40;12.41056;52.93806;4483043;3317070;325989;5868518;20200101;5.2;0;1;0;0.03;1.49269
4319;NA;124920;DE;40;12.28306;53.91667;4471010;3425648;321570;5977670;20200101;5.1;0;1;0;0.01;1.49269
4338;NA;125148;DE;7;8.94917;54.7925;4253385;3521241;111185;6088503;20200101;5.8;0;1;0;0;1.49269
4349;NA;125280;DE;20;11.48778;53.1025;4420647;3333701;264893;5889439;20200101;4.9;0;1;0;0.43;1.49269
4353;NA;125328;DE;3;12.71056;54.34056;4497290;3473760;351168;6023830;20200101;5.2;0;1;0;0.13;1.49269
4372;NA;125556;DE;5;10.70667;53.81056;4367557;3411702;217378;5970997;20200101;5.2;0;1;0;0.07;1.49269
4449;NA;126480;DE;77;13.04389;53.10306;4524816;3337015;369045;5885523;20200101;4.8;0;1;0;0;1.49269
4511;NA;127224;DE;1;10.87833;54.09056;4378483;3442983;230486;6001454;20200101;5.7;0;1;0;0;1.49269
4531;NA;127464;DE;40;13.47833;54.36556;4547048;3478676;401135;6025262;20200101;5;0;1;0;0.01;1.49269
4537;NA;127536;DE;13;9.87833;53.73444;4312970;3403012;162279;5966161;20200101;5.3;0;1;0;0.25;1.49269
4594;NA;128220;DE;5;8.60278;54.32944;4230085;3470097;84260;6039065;20200101;5.8;0;1;0;0.18;1.49269
4637;NA;128736;DE;21;11.73056;52.89278;4437465;3310730;280076;5865350;20200101;5.6;0;1;0;0.27;1.49269
4665;NA;129072;DE;1;9.60917;53.55278;4295094;3382858;143012;5947292;20200101;5.8;0;1;0;0;1.49269
4668;NA;129108;DE;40;9.80444;54.66667;4308378;3506763;165051;6070103;20200101;5;0;1;0;0.1;1.49269
4676;NA;129204;DE;38;12.55806;53.7625;4489685;3409105;339037;5959865;20200101;5.2;0;1;0;0.02;1.49269
4694;NA;129420;DE;10;12.76889;54.06806;4502261;3443598;354002;5993396;20200101;4.9;0;1;0;0.25;1.49269
4698;NA;129468;DE;69;13.30583;53.60194;4539785;3393250;387896;5940570;20200101;4.4;0;1;0;0.15;1.49269
4705;NA;129552;DE;1;14.06944;53.74583;4589356;3411811;438632;5955645;20200101;5.5;0;1;0;0.23;1.49269
4722;NA;129756;DE;39;10.23056;53.92139;4336150;3423833;186887;5985318;20200101;5.3;0;1;0;0.12;1.49269
4734;NA;129900;DE;70;12.66917;53.52139;4498009;3382554;345480;5932801;20200101;5;0;1;0;0.09;1.49269
4779;NA;130440;DE;66;12.49639;53.1875;4487848;3345009;332725;5896055;20200101;4.6;0;1;0;0.16;1.49269
4796;NA;130644;DE;51;13.32806;52.96806;4544523;3322840;387717;5870025;20200101;4.9;0;1;0;0.05;1.49269
4815;NA;130872;DE;45;10.68917;53.39306;4366851;3365232;213411;5924658;20200101;5.1;0;1;0;0.01;1.49269
4818;NA;130908;DE;2;10.02444;54.64083;4322579;3503871;179018;6066203;20200101;5.7;0;1;0;0.07;1.49269
4820;NA;130932;DE;15;11.19194;54.00417;4399166;3433664;250465;5990699;20200101;5.3;0;1;0;0.06;1.49269
4828;NA;131028;DE;62;10.47167;53.21528;4352511;3345333;197705;5905795;20200101;5.1;0;1;0;0.03;1.49269
4830;NA;131052;DE;14;9.80583;54.32083;4308362;3468277;162296;6031667;20200101;5.2;0;1;0;0.05;1.49269
4831;NA;131064;DE;50;14.37417;53.38556;4611871;3372952;458375;5915344;20200101;4.5;0;1;0;0.27;1.49269
4839;NA;131160;DE;26;10.35389;54.16667;4344119;3451161;196772;6012042;20200101;5;0;1;0;0.18;1.49269
4847;NA;131256;DE;16;13.04306;54.25028;4519331;3464581;372502;6013136;20200101;5.2;0;1;0;0.01;1.49269
4865;NA;131472;DE;1;13.82583;54.10639;4571159;3451011;423232;5995996;20200101;5.1;0;1;0;0.06;1.49269
4901;NA;131904;DE;5;9.04389;54.52806;4259082;3491730;114765;6058608;20200101;5.3;0;1;0;0.12;1.49269
4911;NA;132024;DE;115;13.4175;53.3175;4548678;3361969;394582;5908758;20200101;4.8;0;1;0;0;1.49269
4920;NA;132132;DE;82;13.84194;52.74583;4580319;3299845;421828;5844626;20200101;5.1;0;1;0;0.05;1.49269
4933;NA;132288;DE;17;9.92667;54.02056;4316193;3434847;167744;5997726;20200101;5.4;0;1;0;0.01;1.49269
4939;NA;132360;DE;77;9.93667;53.35667;4316783;3360966;163131;5923904;20200101;4.8;0;1;0;0.05;1.49269
5048;NA;133676;NO;39;7.70417;63.12528;4204614;4448830;132621;7020451;20200101;5.5;0;1;0;0.39;1.49269
5125;NA;134600;NO;3;5.29889;61.77056;4072086;4304899;-10576;6886836;20200101;4.8;0;1;0;3.31;1.49269
5164;NA;135129;SE;5;12.82;55.38;4499790;3589624;361881;6139242;20200101;6;0;1;0;0.05;1.49269
5169;NA;135144;SE;4;14.32;55.49;4594030;3606556;457033;6149530;20200101;5.4;0;1;0;0.14;1.49269
5170;NA;135147;SE;55;14.05;55.49;4576987;3605564;439974;6149730;20200101;5.2;0;1;0;0.08;1.49269
5173;NA;135156;SE;72;13.37;55.54;4533780;3608908;397141;6156091;20200101;5.2;0;1;0;0.03;1.49269
3509;NA;135162;SE;20;13.07306;55.57139;4514892;3611559;378502;6160063;20200101;5.7;0;1;0;0.11;1.49269
463;NA;135183;SE;73;13.2;55.7;4522243;3626206;386877;6174159;20200101;5.3;0;1;0;0.06;1.49269
5184;NA;135195;SE;114;13.67;55.86;4550840;3645399;416754;6191298;20200101;4.6;0;1;0;0.37;1.49269
5191;NA;135216;SE;3;15.7;55.95;4676901;3663664;543713;6200736;20200101;6.5;0;1;0;0.36;1.49269
5193;NA;135222;SE;10;14.15;56.33;4577757;3699249;447441;6243133;20200101;4.4;0;1;0;1.28;1.49269
5194;NA;135225;SE;55;14.85;56.01;4623468;3666431;490647;6207203;20200101;5.8;0;1;0;1.34;1.49269
5196;NA;135231;SE;43;12.77;56.03;4493764;3661779;361041;6211662;20200101;5.7;0;1;0;0.25;1.49269
5203;NA;135252;SE;2;15.59;56.15;4668270;3685317;536654;6222931;20200101;6.2;0;1;0;0.04;1.49269
1421;NA;135255;SE;50;14.85;56.18;4622155;3685308;490688;6226124;20200101;4.6;0;1;0;0.7;1.49269
5205;NA;135261;SE;2;16.39972;56.2;4717918;3695058;586843;6229221;20200101;5.9;0;1;0;0;1.49269
5208;NA;135270;SE;13;12.54;56.25;4478536;3685713;347585;6236626;20200101;6;0;1;0;0.38;1.49269
1419;NA;135273;SE;58;15.27;56.26;4647509;3696024;516726;6235050;20200101;4.7;0;1;0;0.12;1.49269
5209;NA;135276;SE;103;13.94;56.28;4565095;3692962;434370;6237749;20200101;4.3;0;1;0;1.41;1.49269
1417;NA;135279;SE;20;12.85;56.29;4497570;3690882;366927;6240434;20200101;4.5;0;1;0;1.03;1.49269
5211;NA;135285;SE;90;13.98;56.38;4566934;3704209;437012;6248841;20200101;3.4;0;1;0;0.07;1.49269
5214;NA;135294;SE;10;12.55;56.45;4478341;3707974;348997;6258857;20200101;5.9;0;1;0;0.41;1.49269
5217;NA;135303;SE;110;13.66;56.46;4546714;3712047;417425;6258083;20200101;1.9;0;1;0;3.14;1.49269
5222;NA;135318;SE;176;14.9;56.54;4622437;3725488;493850;6266187;20200101;3.8;0;1;0;1.12;1.49269
5230;NA;135342;SE;24;12.92;56.67;4500129;3733302;372539;6282586;20200101;4.2;0;1;0;0.47;1.49269
5233;NA;135351;SE;6;16.29;56.68;4706311;3747676;579033;6282509;20200101;5.1;0;1;0;0;1.49269
5242;NA;135378;SE;230;15.47;56.84;4654799;3761310;528674;6299674;20200101;2.2;0;1;0;0.46;1.49269
5243;NA;135384;SE;199;14.83;56.85;4615740;3759614;489631;6300702;20200101;3.3;0;1;0;0.7;1.49269
5244;NA;135387;SE;148;13.88;56.85;4557843;3756091;431691;6301248;20200101;2.9;0;1;0;0.18;1.49269
5248;NA;135399;SE;39;18.16639;56.92;4817602;3785802;692724;6312945;20200101;5;0;1;0;0.05;1.49269
3510;NA;135414;SE;130;13.0625;56.94944;4507492;3764728;382151;6313429;20200101;3.9;0;1;0;3.11;1.49269
5254;NA;135426;SE;20;12.27;57.11;4458669;3780785;334674;6332939;20200101;4.9;0;1;0;0;1.49269
5256;NA;135432;SE;122;12.78;57.11;4489582;3781876;365552;6331818;20200101;2.3;0;1;0;1.08;1.49269
5257;NA;135435;SE;250;14.69;57.12;4605178;3789024;481229;6330787;20200101;2.3;0;1;0;0.12;1.49269
5264;NA;135456;SE;154;12.7;57.23;4484212;3795030;361158;6345333;20200101;2.6;0;1;0;0.05;1.49269
5265;NA;135459;SE;25;18.38;57.24;4826217;3822680;703955;6349163;20200101;4.4;0;1;0;0.33;1.49269
5268;NA;135468;SE;20;16.41;57.27;4707568;3813724;585030;6348322;20200101;4.1;0;1;0;0.5;1.49269
5271;NA;135477;SE;169;14.14;57.29;4570765;3805851;448165;6349995;20200101;2.3;0;1;0;0.36;1.49269
3512;NA;135486;SE;2;11.90639;57.30389;4436028;3801703;313642;6355450;20200101;6.2;0;1;0;0.07;1.49269
5274;NA;135489;SE;2;17.1;57.37;4747885;3828725;626290;6360523;20200101;5.4;0;1;0;0.01;1.49269
1423;NA;135492;SE;4;17.1;57.37;4747885;3828725;626290;6360523;20200101;5.5;0;1;0;0.05;1.49269
3513;NA;135495;SE;95;15.80333;57.38444;4670010;3823294;548296;6360467;20200101;3.4;0;1;0;0.21;1.49269
5282;NA;135522;SE;5;18.99;57.44;4859881;3849231;739435;6373398;20200101;5.2;0;1;0;0.05;1.49269
5288;NA;135540;SE;356;14.47;57.5;4589131;3830366;468237;6373170;20200101;1.6;0;1;0;0.04;1.49269
5295;NA;135561;SE;12;11.61;57.63;4417301;3837529;297608;6392577;20200101;6.6;0;1;0;1.76;1.49269
5300;NA;135579;SE;42;18.34;57.66;4818174;3868827;699244;6395767;20200101;5.1;0;1;0;0.2;1.49269
5301;NA;135582;SE;150;12.3;57.67;4458410;3843104;338965;6395178;20200101;2.8;0;1;0;0.56;1.49269
462;NA;135591;SE;5;11.99417;57.71583;4439996;3847651;320958;6401046;20200101;4.7;0;1;0;0.18;1.49269
5304;NA;135594;SE;35;16.46;57.71;4705988;3862755;586992;6397361;20200101;4.7;0;1;0;0.01;1.49269
5309;NA;135609;SE;290;14.99;57.72;4618493;3856844;499404;6397538;20200101;2.4;0;1;0;0.02;1.49269
5310;NA;135612;SE;226;14.07;57.75;4563524;3856699;444647;6401257;20200101;2.8;0;1;0;0.01;1.49269
1422;NA;135615;SE;135;12.95;57.76;4496791;3854532;378028;6403837;20200101;2.3;0;1;0;0.01;1.49269
5311;NA;135618;SE;175;13.47;57.77;4527695;3857035;408988;6404132;20200101;2.6;0;1;0;0.01;1.49269
5312;NA;135627;SE;297;13.17;57.78;4509788;3857316;391176;6405688;20200101;2.2;0;1;0;0;1.49269
5316;NA;135639;SE;21;11.86;57.84;4431619;3861241;313610;6415223;20200101;3.6;0;1;0;0.96;1.49269
5317;NA;135642;SE;225;14.43;57.84;4584300;3867967;466158;6411040;20200101;2.5;0;1;0;0.57;1.49269
5321;NA;135654;SE;90;15.87;57.89;4669214;3879679;551582;6416795;20200101;4.6;0;1;0;0.56;1.49269
5325;NA;135666;SE;13;18.96;57.92;4851150;3902011;734513;6426675;20200101;5.6;0;1;0;0.54;1.49269
5337;NA;135702;SE;5;11.65;58.06;4418543;3885396;302365;6440295;20200101;4.4;0;1;0;0.86;1.49269
5338;NA;135705;SE;195;15.24;58.07;4630396;3896741;514158;6436529;20200101;3.7;0;1;0;0.15;1.49269
5342;NA;135717;SE;16;11.33;58.09;4399564;3888337;283679;6444614;20200101;6.5;0;1;0;0.53;1.49269
5343;NA;135723;SE;94;14.41;58.1;4581254;3896758;465223;6439996;20200101;4.8;0;1;0;0.89;1.49269
5346;NA;135732;SE;90;12.65;58.16;4477204;3898289;361731;6448933;20200101;2.6;0;1;0;0.09;1.49269
3515;NA;135756;SE;14;17.01056;58.25056;4732540;3925699;618000;6458367;20200101;5;0;1;0;0;1.49269
5356;NA;135765;SE;119;15.24;58.29;4628524;3921145;514071;6461023;20200101;3.9;0;1;0;0.02;1.49269
5359;NA;135774;SE;70;13.04;58.32;4499387;3916983;385191;6466009;20200101;2.9;0;1;0;0.25;1.49269
5364;NA;135789;SE;50;12.36;58.36;4459350;3919919;345545;6471822;20200101;2.5;0;1;0;1.88;1.49269
3516;NA;135810;SE;16;19.1975;58.39417;4858040;3956128;745280;6480253;20200101;4.6;0;1;0;0.07;1.49269
5370;NA;135813;SE;150;13.84;58.39;4545846;3927020;432183;6472716;20200101;3.8;0;1;0;0.27;1.49269
5372;NA;135819;SE;115;13.45;58.4;4522976;3926964;409410;6474289;20200101;2.5;0;1;0;1.27;1.49269
5;NA;135825;SE;93;15.53306;58.4;4644693;3934642;531156;6473368;20200101;3.8;0;1;0;0.08;1.49269
1416;NA;135834;SE;54;12.7075;58.43556;4479378;3929038;366158;6479486;20200101;3.8;0;1;0;0.43;1.49269
5380;NA;135852;SE;95;14.51;58.52;4584065;3943746;471458;6486710;20200101;4.5;0;1;0;0.01;1.49269
5387;NA;135873;SE;91;14.57;58.57;4587187;3949518;474988;6492253;20200101;4.7;0;1;0;0.21;1.49269
5388;NA;135876;SE;22;11.07;58.58;4383354;3942561;271551;6499976;20200101;6.5;0;1;0;0.58;1.68058
5390;NA;135882;SE;21;16.14972;58.58;4678867;3957544;566855;6493859;20200101;3.9;0;1;0;0.21;1.49269
5395;NA;135897;SE;174;12.2;58.61;4449078;3947405;337348;6500020;20200101;2.9;0;1;0;0.76;1.53027
5397;NA;135903;SE;72;15.44;58.63;4637223;3959729;525550;6498937;20200101;4;0;1;0;0;1.49269
5402;NA;135918;SE;10;17.12;58.68;4733963;3973869;622914;6506364;20200101;4.5;0;1;0;0.03;1.49269
5403;NA;135921;SE;153;16.30972;58.69;4687017;3970545;575919;6506276;20200101;3.4;0;1;0;0.08;1.49269
5404;NA;135924;SE;53;13.11;58.7;4501565;3959377;390481;6508191;20200101;4.2;0;1;0;0.33;1.49269
5405;NA;135927;SE;50;13.82;58.71;4542683;3962492;431639;6508363;20200101;5.1;0;1;0;0.85;1.49269
5407;NA;135933;SE;225;15.03;58.72;4612699;3967962;501738;6508875;20200101;3.3;0;1;0;0.12;1.49269
5409;NA;135942;SE;18;17.87;58.74;4776496;3985080;666097;6514659;20200101;4.8;0;1;0;0.14;1.49269
5417;NA;135966;SE;215;15.13;58.81;4617733;3978358;507510;6518903;20200101;2.8;0;1;0;0.04;1.49269
5421;NA;135978;SE;211;14.39;58.88;4574496;3983265;464833;6526850;20200101;2.9;0;1;0;0.25;1.49269
3514;NA;135984;SE;33;11.00583;58.8925;4379101;3977248;269898;6534953;20200101;5.7;0;1;0;0.33;2
5436;NA;136026;SE;19;16.39972;59.06;4688352;4011993;580274;6547574;20200101;3.6;0;1;0;0.27;1.49269
1413;NA;136032;SE;4;18.12;59.07;4786515;4023173;678846;6552025;20200101;4.3;0;1;0;0.15;1.49269
5439;NA;136038;SE;105;14.37;59.1;4571769;4007610;463910;6551357;20200101;2.2;0;1;0;2.64;1.49269
5441;NA;136044;SE;50;12.94;59.14;4489585;4007836;382141;6557460;20200101;2.4;0;1;0;1.56;1.65971
3518;NA;136053;SE;45;17.9125;59.17889;4773267;4033867;666427;6563605;20200101;3.9;0;1;0;0.01;1.49269
5444;NA;136056;SE;40;17.63;59.19;4757055;4033330;650241;6564171;20200101;3.8;0;1;0;0.05;1.49269
5447;NA;136065;SE;170;12.08;59.22;4440018;4014986;333345;6568199;20200101;0.8;0;1;0;0.07;2
5448;NA;136068;SE;53;15.05;59.23;4609642;4024611;502853;6565664;20200101;4.5;0;1;0;1.66;1.49269
5458;NA;136101;SE;16;18.71;59.3;4816867;4052565;711220;6579341;20200101;4;0;1;0;0.08;1.49269
3517;NA;136107;SE;219;14.89833;59.3;4600427;4031768;494210;6573462;20200101;2.1;0;1;0;0;1.49269
5461;NA;136113;SE;82;14.1;59.31;4554884;4029996;448759;6574918;20200101;2.4;0;1;0;0.66;1.49269
10;NA;136122;SE;44;18.05;59.35;4778829;4053657;673409;6582998;20200101;4.4;0;1;0;0.59;1.49269
5464;NA;136125;SE;44;18.05972;59.34;4779512;4052615;674012;6581910;20200101;4.3;0;1;0;0.35;1.49269
5466;NA;136131;SE;15;16.45;59.38;4687845;4047690;582382;6583264;20200101;3.8;0;1;0;0.01;1.49269
3519;NA;136134;SE;14;17.95139;59.35333;4773205;4053394;667788;6583116;20200101;4;0;1;0;0.41;1.49269
5467;NA;136137;SE;6;17.52;59.36;4748700;4051460;643243;6582850;20200101;4.2;0;1;0;0;1.49269
7;NA;136140;SE;107;13.3375;59.44444;4510691;4042649;405726;6590721;20200101;2.6;0;1;0;1.91;1.70981
5477;NA;136173;SE;12;19.51;59.44;4859923;4073837;755669;6597719;20200101;4.4;0;1;0;0.04;1.49269
1414;NA;136176;SE;12;19.50556;59.44417;4859608;4074262;755386;6598166;20200101;4.5;0;1;0;0;1.49269
5484;NA;136197;SE;10;16.63;59.59;4695760;4071879;592034;6606881;20200101;3.8;0;1;0;0.01;1.49269
5490;NA;136215;SE;42;17.95;59.63;4769514;4083958;666342;6613902;20200101;3.2;0;1;0;0.3;1.49269
5492;NA;136221;SE;26;17.11;59.66;4721970;4082248;618883;6615437;20200101;3.7;0;1;0;0;1.49269
5495;NA;136230;SE;133;14.18;59.66;4557035;4069101;453795;6613833;20200101;1.9;0;1;0;0.11;2
5498;NA;136239;SE;66;12.64;59.67;4470092;4066036;367074;6617024;20200101;0.2;0;1;0;3.51;2
5504;NA;136257;SE;15;19.41;59.75;4849502;4107255;747712;6631811;20200101;4.6;0;1;0;0.05;1.49269
5507;NA;136266;SE;15;18.63;59.83;4804823;4110512;703443;6638053;20200101;3.7;0;1;0;0.04;1.49269
5511;NA;136281;SE;13;17.63;59.86;4748654;4107400;647289;6638744;20200101;3.7;0;1;0;0;1.49269
5513;NA;136287;SE;110;13.12;59.86;4496203;4088232;394705;6637314;20200101;2.8;0;1;0;2.62;2
5515;NA;136293;SE;289;15.26;59.87;4616082;4096433;514559;6636962;20200101;1.6;0;1;0;0.37;1.88935
5517;NA;136299;SE;21;17.59;59.9;4745921;4111581;644875;6643108;20200101;3.7;0;1;0;0.04;1.49269
5518;NA;136302;SE;60;16.66;59.9;4694048;4106349;592864;6641438;20200101;3;0;1;0;0.47;1.49269
5519;NA;136305;SE;57;16.69;59.91;4695613;4107614;594513;6642594;20200101;3.8;0;1;0;0.33;1.49269
5520;NA;136308;SE;205;14.95;59.95;4598072;4104052;497207;6645844;20200101;1.8;0;1;0;0.23;1.96868
5524;NA;136320;SE;100;16.30972;60.1;4672407;4126698;572829;6663270;20200101;3.3;0;1;0;0.05;1.49269
5528;NA;136332;SE;305;14.4;60.14;4565953;4123098;466675;6667154;20200101;0.6;0;1;0;0.44;2
5529;NA;136335;SE;100;16.17;60.14;4664241;4130442;564982;6667578;20200101;3.2;0;1;0;0;1.49269
5530;NA;136338;SE;190;13.8;60.15;4532528;4122276;433372;6668722;20200101;-1.4;0;1;0;6.51;2
5531;NA;136341;SE;187;13.8;60.15;4532528;4122276;433372;6668722;20200101;-1.2;0;1;0;5.77;2
5534;NA;136350;SE;15;18.23;60.18;4777766;4146495;679134;6675840;20200101;3.3;0;1;0;0.1;1.49269
3522;NA;136362;SE;33;17.90778;60.23639;4759234;4150687;660996;6681285;20200101;3.2;0;1;0;0.01;1.49269
5538;NA;136365;SE;56;16.98;60.27;4707639;4149000;609528;6683125;20200101;3.3;0;1;0;0.01;1.49269
5547;NA;136392;SE;492;15.14;60.38;4605028;4152470;507719;6693740;20200101;-0.6;0;1;0;0.31;1.90605
3520;NA;136395;SE;152;15.50778;60.42917;4624856;4159445;527955;6699316;20200101;2.9;0;1;0;0.29;1.49269
5555;NA;136419;SE;8;18.38;60.53;4781191;4186102;685449;6715203;20200101;3.7;0;1;0;0.04;1.49269
2;NA;136437;SE;160;15.61667;60.61667;4629101;4180685;533754;6720249;20200101;2.5;0;1;0;0.01;1.49269
5564;NA;136452;SE;306;13.71;60.68;4524262;4180818;429532;6727837;20200101;1.4;0;1;0;4.66;2
5566;NA;136458;SE;16;17.16;60.72;4712228;4199748;617838;6733538;20200101;3.8;0;1;0;0.01;1.49269
5567;NA;136461;SE;175;15.02;60.73;4595493;4190785;501091;6732714;20200101;1.9;0;1;0;0.1;2
5568;NA;136464;SE;5;17.57;60.73;4734406;4203186;640154;6735457;20200101;4;0;1;0;0;1.49269
5573;NA;136479;SE;230;12.58;60.91;4461404;4203599;368763;6755185;20200101;-4.3;0;1;0;7.43;2
5575;NA;136485;SE;196;14.51;60.96;4565927;4214405;473465;6758431;20200101;2;0;1;0;0.52;2
3521;NA;136488;SE;162;16.43083;60.96167;4669936;4222659;577477;6759363;20200101;2.3;0;1;0;0.04;1.49269
5587;NA;136524;SE;252;14.04;61.25;4538481;4245019;448487;6791012;20200101;0.1;0;1;0;0.03;2
5591;NA;136536;SE;184;15.72;61.36;4627669;4263443;538500;6803099;20200101;2;0;1;0;0.12;1.49269
5602;NA;136569;SE;454;14.99;61.66;4586107;4293705;499470;6836305;20200101;-0.1;0;1;0;0.03;1.65553
5604;NA;136575;SE;425;13.19;61.69;4490415;4291486;404244;6840978;20200101;-2.6;0;1;0;1.17;2
3523;NA;136581;SE;8;17.52472;61.70306;4719726;4310401;633500;6843691;20200101;3.7;0;1;0;0.02;1.49269
5606;NA;136584;SE;115;16.18;61.71;4648638;4304241;562389;6842440;20200101;1.3;0;1;0;1.23;1.49269
5607;NA;136587;SE;10;17.1;61.73;4696992;4311043;610951;6845894;20200101;3.3;0;1;0;0.01;1.49269
5609;NA;136593;SE;70;16.54;61.83;4666344;4319230;581105;6856203;20200101;2.5;0;1;0;0.19;1.49269
5615;NA;136611;SE;869;12.86;61.89;4471941;4312920;387523;6863779;20200101;-2.9;0;1;0;0.03;2
5618;NA;136623;SE;362;14.41;62.05;4552454;4334865;469148;6879891;20200101;0.8;0;1;0;0.89;1.49269
5619;NA;136626;SE;566;13.61;62.09;4510272;4336909;427414;6884984;20200101;-1.7;0;1;0;0.08;1.83507
5623;NA;136638;SE;260;14.95;62.18;4579659;4351142;497397;6894234;20200101;1.6;0;1;0;0.9;1.49269
5624;NA;136641;SE;17;17.73972;62.22;4724345;4368686;642433;6901702;20200101;3.4;0;1;0;0.06;1.49269
5630;NA;136659;SE;410;13.67;62.41;4511434;4372539;431280;6920563;20200101;-1;0;1;0;1.62;1.49269
3524;NA;136665;SE;723;12.67028;62.45028;4459412;4374668;379799;6926510;20200101;-1.7;0;1;0;0.05;1.53445
5632;NA;136668;SE;99;16.28;62.49;4645681;4390955;565961;6929422;20200101;0.7;0;1;0;2.81;1.49269
5633;NA;136671;SE;802;14.16;62.5;4536194;4383924;456727;6930164;20200101;-2.4;0;1;0;0.06;1.49269
3526;NA;136683;SE;4;17.44083;62.52444;4705020;4400609;625619;6934980;20200101;3.2;0;1;0;0.03;1.49269
5638;NA;136689;SE;585;12.6;62.55;4455333;4385590;376587;6937747;20200101;-0.5;0;1;0;0.42;1.49269
466;NA;136698;SE;15;17.93306;62.63306;4728845;4415364;650391;6948126;20200101;3.4;0;1;0;0.21;1.49269
5641;NA;136701;SE;17;18.09;62.64;4736777;4417050;658396;6949275;20200101;3.2;0;1;0;0.12;1.49269
5645;NA;136713;SE;343;15.09;62.75;4582061;4414755;504598;6957739;20200101;0.3;0;1;0;0.87;1.49269
5646;NA;136716;SE;467;13.85;62.76;4518485;4411817;441274;6959374;20200101;0.8;0;1;0;1.19;1.49269
5655;NA;136743;SE;1030;12.28;63.04;4436914;4439350;362444;6992957;20200101;-3.8;0;1;0;0;1.49269
5659;NA;136755;SE;592;13.75;63.08;4511326;4446989;436861;6995117;20200101;-0.2;0;1;0;0.12;1.49269
5660;NA;136758;SE;141;18.26;63.13;4738615;4472061;664340;7004246;20200101;1.4;0;1;0;0.1;1.49269
1426;NA;136764;SE;120;16.98972;63.14;4674547;4466182;600290;7002741;20200101;1.8;0;1;0;0.15;1.49269
5662;NA;136767;SE;183;16.17;63.16;4633010;4464503;558936;7003953;20200101;1.8;0;1;0;1.4;1.49269
5663;NA;136770;SE;320;14.37;63.15;4542229;4456558;468253;7002458;20200101;1.9;0;1;0;1.07;1.49269
5666;NA;136782;SE;1090;12.18;63.19;4431276;4455818;358123;7009876;20200101;-4.4;0;1;0;0.38;1.49269
3531;NA;136788;SE;11;19.02028;63.18833;4775921;4483212;702226;7012909;20200101;1.8;0;1;0;0.07;1.49269
3528;NA;136794;SE;376;14.48639;63.1975;4547749;4462188;474160;7007698;20200101;1;0;1;0;0;1.49269
5674;NA;136815;SE;400;13.65;63.32;4504766;4473305;432372;7021955;20200101;0.3;0;1;0;0.51;1.49269
5682;NA;136839;SE;108;19;63.41;4771517;4507468;699666;7037508;20200101;0.4;0;1;0;0.22;1.49269
5684;NA;136845;SE;6;19.68;63.44;4804815;4515300;733323;7043144;20200101;0.9;0;1;0;0;1.49269
5690;NA;136863;SE;182;18.55;63.65;4745635;4531066;675739;7062894;20200101;-0.2;0;1;0;0.01;1.49269
5692;NA;136869;SE;362;14.61;63.68;4550197;4515984;480706;7061415;20200101;0.5;0;1;0;0.05;1.49269
3529;NA;136875;SE;214;16.95306;63.685;4666252;4526145;596591;7063389;20200101;-0.8;0;1;0;1.23;1.49269
5696;NA;136887;SE;375;15.33;63.77;4585099;4528473;516274;7071427;20200101;-0.3;0;1;0;0.05;1.49269
5698;NA;136893;SE;14;20.29;63.79;4828923;4558043;760459;7084412;20200101;-0.7;0;1;0;0.82;1.49269
3532;NA;136896;SE;6;20.86917;63.80806;4856911;4564343;788732;7088912;20200101;-0.2;0;1;0;0.01;1.49269
5701;NA;136905;SE;717;13.5;63.84;4494117;4530506;426218;7080052;20200101;-1.9;0;1;0;0.12;1.49269
5707;NA;136923;SE;425;12.87;63.98;4462292;4544595;395757;7096527;20200101;0;0;1;0;0.05;1.49269
5708;NA;136926;SE;615;14.67;64;4550621;4551579;483859;7097056;20200101;-1.4;0;1;0;0;1.49269
5710;NA;136932;SE;327;18.37;64.08;4730602;4577320;664304;7110276;20200101;-1.2;0;1;0;1.36;1.49269
5712;NA;136938;SE;241;16.23972;64.09;4626630;4567529;560439;7107631;20200101;-0.6;0;1;0;0;1.49269
5714;NA;136944;SE;237;19.72;64.2;4794203;4599036;729053;7127802;20200101;-1.9;0;1;0;0.15;1.49269
5715;NA;136947;SE;310;17.37;64.16;4680885;4580630;615238;7116989;20200101;-1.2;0;1;0;0.02;1.49269
5716;NA;136950;SE;307;17.32;64.17;4678329;4581476;612767;7118013;20200101;-1.2;0;1;0;0.02;1.49269
5718;NA;136956;SE;310;15.56;64.22;4592186;4579084;527175;7121649;20200101;-0.6;0;1;0;0.02;1.49269
3535;NA;136986;SE;40;21.57917;64.48083;4878246;4643521;815822;7166985;20200101;-1.2;0;1;0;0.01;1.49269
3534;NA;136995;SE;550;14.22389;64.50556;4525056;4606109;462727;7153579;20200101;-1.4;0;1;0;0.01;1.49269
5729;NA;136998;SE;210;18.72;64.55;4740605;4631098;678289;7163533;20200101;-1.7;0;1;0;0;1.49269
5731;NA;137004;SE;258;19.7;64.56972;4787092;4639481;725036;7168844;20200101;-3.6;0;1;0;3.2;1.49269
5732;NA;137007;SE;348;16.84;64.58;4650178;4624320;588119;7162926;20200101;-1.9;0;1;0;0.12;1.49269
5733;NA;137013;SE;48;21.07;64.62;4851352;4654772;789957;7180000;20200101;-1.4;0;1;0;1.34;1.61795
5737;NA;137025;SE;360;13.96;64.73;4510795;4630189;450464;7178771;20200101;-0.5;0;1;0;0.02;1.49269
5745;NA;137049;SE;309;19.38;64.93;4766018;4676933;706957;7207823;20200101;-2.7;0;1;0;0.1;1.49269
5748;NA;137061;SE;251;17.7;65.01;4685679;4675973;627245;7212287;20200101;-1.4;0;1;0;0.68;1.55115
5754;NA;137082;SE;1036;14.51;65.09;4534314;4671578;476971;7218574;20200101;-5.7;0;1;0;1.88;1.49269
5758;NA;137094;SE;363;18.6;65.15;4725984;4696341;668740;7229984;20200101;-3.5;0;1;0;0.02;2
5759;NA;137097;SE;320;18.75;65.19;4732400;4701615;675499;7234846;20200101;-3.3;0;1;0;0.46;2
5764;NA;137112;SE;9;21.49;65.31972;4857434;4734483;801962;7259650;20200101;-1.8;0;1;0;0.01;2
5765;NA;137115;SE;395;19.67;65.28;4773839;4717202;717757;7247728;20200101;-4.7;0;1;0;0.13;2
5767;NA;137121;SE;1;22.37;65.31;4898230;4740463;842894;7263079;20200101;-1.5;0;1;0;0.02;2
5769;NA;137127;SE;577;15.07;65.33;4558644;4699902;503260;7245235;20200101;-2.7;0;1;0;0.2;1.50522
5774;NA;137142;SE;360;17.55;65.54;4671693;4733537;617791;7271025;20200101;-4;0;1;0;0.21;2
1412;NA;137148;SE;17;22.11917;65.54306;4881793;4763816;828328;7287579;20200101;-2.9;0;1;0;0;2
5776;NA;137151;SE;393;17.86;65.56;4685748;4737331;632002;7273868;20200101;-3.6;0;1;0;0.07;2
5778;NA;137157;SE;382;19.27;65.59972;4750118;4749738;696713;7281975;20200101;-3.7;0;1;0;0.53;2
5780;NA;137163;SE;40;21.07;65.67;4831326;4769593;778707;7296597;20200101;-4.2;0;1;0;0.89;2
5784;NA;137175;SE;4;23.1;65.7;4923014;4789109;871123;7310434;20200101;-2.1;0;1;0;0;2
5790;NA;137193;SE;793;15.06;65.78;4554228;4749549;502747;7295390;20200101;-4;0;1;0;0.22;2
3537;NA;137202;SE;458;15.08528;65.80778;4555146;4752700;503900;7298487;20200101;-1;0;1;0;0.18;2
5792;NA;137205;SE;25;21.64;65.81972;4854302;4790223;803041;7315859;20200101;-3;0;1;0;0.33;2
5794;NA;137211;SE;16;24.12;65.81972;4966226;4811265;915672;7330081;20200101;-4.9;0;1;0;0.32;1.95616
5797;NA;137223;SE;182;20.15;65.87972;4785601;4786083;734630;7316136;20200101;-4.1;0;1;0;0.79;2
5798;NA;137226;SE;180;20.13;65.87972;4784693;4785949;733721;7316062;20200101;-4.1;0;1;0;0.88;2
5804;NA;137244;SE;370;18.92;65.98972;4727990;4790427;677894;7324326;20200101;-6.3;0;1;0;0.63;2
1428;NA;137247;SE;431;17.84306;66.05222;4678266;4791370;628737;7328651;20200101;-5;0;1;0;0.01;2
5807;NA;137256;SE;61;22.85;66.26;4899216;4847871;851906;7371004;20200101;-7.5;0;1;0;0.09;2
5809;NA;137262;SE;185;21.13;66.28;4822287;4836668;774810;7364596;20200101;-10;0;1;0;2.22;2
5810;NA;137265;SE;581;19.2;66.3;4735713;4826118;688267;7359672;20200101;-6.9;0;1;0;0.04;2
5813;NA;137274;SE;70;23.65;66.37972;4931838;4867732;885748;7388982;20200101;-7;0;1;0;0.79;2
1427;NA;137277;SE;430;17;66.37972;4636033;4823312;589409;7363666;20200101;-3;0;1;0;1.01;2
3538;NA;137292;SE;275;20.13083;66.49889;4773824;4853723;728105;7384894;20200101;-5.9;0;1;0;3.02;2
5822;NA;137310;SE;132;23.47;66.62;4918277;4892227;874131;7414464;20200101;-10;0;1;0;0.97;2
5824;NA;137316;SE;614;16.11;66.68;4592905;4852607;549032;7396144;20200101;-3.4;0;1;0;0.12;2
5826;NA;137322;SE;164;22.9;66.73;4890887;4899367;847515;7423337;20200101;-7.5;0;1;0;0.78;2
5828;NA;137328;SE;327;20.93;66.75;4804418;4886566;760894;7415930;20200101;-12.4;0;1;0;9.5;2
5832;NA;137340;SE;228;22.34;66.81;4864746;4903562;821928;7429188;20200101;-8.2;0;1;0;0.08;2
5835;NA;137349;SE;320;18.02;66.89;4674559;4884323;632232;7422324;20200101;-7.7;0;1;0;4;2
5839;NA;137361;SE;359;20.65;67.14;4784887;4927236;744659;7458114;20200101;-6.7;0;1;0;0.83;2
5842;NA;137370;SE;400;20.67;67.17;4785189;4930646;745218;7461526;20200101;-6.1;0;1;0;1.92;2
3539;NA;137373;SE;171;23.39528;67.205;4901341;4955038;862059;7478744;20200101;-7.4;0;1;0;0.23;2
5843;NA;137379;SE;453;20.27;67.26;4766323;4937848;727104;7470006;20200101;-9.6;0;1;0;2.86;2
5845;NA;137385;SE;240;22.23;67.34;4848624;4960360;810257;7487378;20200101;-5.9;0;1;0;2.3;2
5847;NA;137391;SE;376;18.72;67.4;4697431;4943964;659453;7480753;20200101;-3.7;0;1;0;1.6;2
5848;NA;137394;SE;425;18.29;67.5;4677520;4952649;640446;7490847;20200101;-3.3;0;1;0;1.43;2
1430;NA;137403;SE;250;21.63;67.68;4816096;4992916;780543;7522225;20200101;-9.2;0;1;0;0.97;2
5852;NA;137409;SE;532;17.46972;67.73;4639389;4973884;604425;7514845;20200101;-5;0;1;0;0.23;2
5853;NA;137412;SE;312;22.83;67.73;4865383;5007384;830406;7533697;20200101;-10.3;0;1;0;2.75;2
5854;NA;137415;SE;315;22.35;67.76;4844630;5006928;809837;7534534;20200101;-8.4;0;1;0;0;2
5855;NA;137418;SE;459;20.34;67.83;4758970;5000555;724641;7533614;20200101;-7.4;0;1;0;0.01;2
5858;NA;137427;SE;466;19.03;67.84972;4703575;4994928;669465;7531633;20200101;-8.2;0;1;0;4.25;2
5859;NA;137430;SE;335;21.07;67.89;4788414;5011887;754617;7543111;20200101;-7.9;0;1;0;0.11;2
5860;NA;137433;SE;1150;18.61;67.91;4684978;4999259;651429;7537252;20200101;-7.9;0;1;0;0.43;2
5864;NA;137445;SE;493;19.84;68.06972;4733806;5023657;701553;7558541;20200101;-6.4;0;1;0;0.29;2
5867;NA;137454;SE;388;18.82;68.36;4686782;5049645;657125;7587873;20200101;-3.2;0;1;0;1.16;2
5869;NA;137460;SE;516;18.17;68.42;4659113;5052897;630067;7593039;20200101;-4.4;0;1;0;0.01;2
5873;NA;137478;SE;330;22.45;68.44;4833891;5081520;804893;7610390;20200101;-8.8;0;1;0;2.17;2
5874;NA;137481;SE;402;21.53;68.68;4791532;5101023;764532;7632743;20200101;-11.9;0;1;0;3.24;2
6938;NA;141803;FI;5;19.90667;60.12444;4871076;4152285;772486;6675397;20200101;4.5;0;1;0;0.01;1.49269
6939;NA;141808;FI;9;21.37083;59.78417;4957978;4127131;857298;6644567;20200101;4.4;0;1;0;0;1.49269
6940;NA;141813;FI;8;19.9575;59.95917;4876591;4134484;776686;6657236;20200101;5;0;1;0;0.2;1.49269
6948;NA;141853;FI;11;19.98944;60.17806;4874753;4158832;776626;6681701;20200101;4.2;0;1;0;0.02;1.49269
6950;NA;141863;FI;3;19.135;60.30083;4825857;4165971;728442;6692080;20200101;4.6;0;1;0;0.03;1.49269
6952;NA;141873;FI;4;20.35556;59.50556;4906343;4087753;802952;6608562;20200101;5.1;0;1;0;0.19;1.49269
6955;NA;141888;FI;4;21.70278;60.11167;4970068;4166088;872176;6682754;20200101;4;0;1;0;0;1.49269
6959;NA;141908;FI;23;20.75056;60.25806;4915156;4173802;817980;6694023;20200101;4.1;0;1;0;0.16;1.49269
6962;NA;141923;FI;5;22.95167;59.77333;5045676;4141131;945846;6652965;20200101;3.4;0;1;0;0;1.49269
6964;NA;141933;FI;6;22.55444;60.38667;5011045;4204283;915823;6718359;20200101;2.2;0;1;0;0.52;1.49269
6975;NA;141988;FI;8;22.19667;59.86917;5002017;4144135;902470;6658745;20200101;4;0;1;0;0.26;1.49269
6976;NA;141993;FI;11;22.91556;59.80833;5042939;4144591;943362;6656601;20200101;3.4;0;1;0;0.05;1.49269
6977;NA;141998;FI;4;22.09944;60.37778;4986507;4198949;890953;6714581;20200101;3.5;0;1;0;0.01;1.49269
6979;NA;142008;FI;8;22.18167;60.45417;4989439;4208095;894541;6723546;20200101;2.6;0;1;0;0.2;1.49269
6980;NA;142013;FI;13;22.76056;60.17139;5026762;4182755;929957;6695817;20200101;2.6;0;1;0;0.01;1.49269
6982;NA;142023;FI;3;23.25167;59.84389;5060698;4151948;961630;6662843;20200101;3.1;0;1;0;0.02;1.49269
701;NA;142033;FI;3;23.11583;60.37333;5041782;4208425;946804;6720566;20200101;2.1;0;1;0;0.88;1.49269
6990;NA;142068;FI;15;23.57639;59.82056;5079086;4152831;980067;6662574;20200101;2.8;0;1;0;0.01;1.49269
6991;NA;142073;FI;117;23.6525;60.46306;5068829;4223801;974922;6734271;20200101;0.7;0;1;0;0.71;1.49269
6992;NA;142078;FI;51;24.96028;60.32694;5142615;4223488;1048649;6729414;20200101;0.8;0;1;0;0.02;1.49269
6993;NA;142083;FI;10;24.01694;59.93083;5100775;4169654;1002952;6678065;20200101;2.5;0;1;0;0.08;1.49269
702;NA;142104;FI;37;24.0525;60.24389;5095484;4204194;1000143;6712981;20200101;1.9;0;1;0;0.11;1.49269
6998;NA;142114;FI;42;24.40167;60.41833;5110276;4227071;1016571;6734983;20200101;1.1;0;1;0;0.11;1.49269
7012;NA;142184;FI;3;24.97833;60.10444;5149075;4199493;1053392;6704978;20200101;2.3;0;1;0;0.01;1.49269
7013;NA;142189;FI;2;24.3525;59.92;5119400;4172213;1021757;6679474;20200101;2.7;0;1;0;0.08;1.49269
7019;NA;142219;FI;0;24.93;59.94806;5150287;4181910;1053347;6687288;20200101;2.8;0;1;0;0.07;1.49269
7020;NA;142224;FI;24;24.96417;60.20278;5145885;4210025;1050955;6715725;20200101;1.2;0;1;0;0.11;1.49269
7023;NA;142239;FI;15;25.04806;60.25306;5149182;4216475;1054715;6721987;20200101;1.2;0;1;0;0.07;1.49269
7035;NA;142304;FI;20;25.62833;60.20333;5181794;4218004;1087459;6721543;20200101;1.8;0;1;0;0.06;1.49269
7040;NA;142329;FI;22;25.61139;60.39139;5176045;4238217;1083150;6742151;20200101;0.8;0;1;0;0.32;1.49269
7042;NA;142339;FI;9;26.96167;60.37528;5248842;4253514;1157149;6753161;20200101;1.3;0;1;0;0.18;1.49269
7051;NA;142384;FI;3;26.44778;60.27444;5224069;4235942;1131074;6736998;20200101;2;0;1;0;0.02;1.49269
7054;NA;142399;FI;4;27.18806;60.28639;5263452;4246905;1171326;6745672;20200101;2.1;0;1;0;0.23;1.49269
704;NA;142409;FI;13;21.79667;61.46556;4948729;4315368;861748;6833527;20200101;1.7;0;1;0;0.09;1.49269
7069;NA;142484;FI;4;21.03;60.72194;4921987;4227127;828667;6746923;20200101;3.9;0;1;0;0.04;1.49269
7071;NA;142494;FI;4;21.30583;61.14444;4928932;4275862;839140;6795246;20200101;3.2;0;1;0;0;1.49269
7073;NA;142504;FI;9;21.78639;61.47889;4947926;4316737;861048;6834949;20200101;1.7;0;1;0;0.26;1.49269
706;NA;142509;FI;49;22.2775;60.51528;4993395;4215697;899038;6730903;20200101;1.7;0;1;0;0.81;1.49269
7096;NA;142629;FI;38;22.34944;61.25278;4982175;4297121;893755;6813129;20200101;1.2;0;1;0;0.1;1.49269
708;NA;142634;FI;104;23.50056;60.81389;5052790;4260508;961554;6772031;20200101;0.7;0;1;0;0.19;1.49269
7110;NA;142704;FI;119;23.62306;61.42056;5045604;4327973;959260;6840065;20200101;0.1;0;1;0;0.05;1.49269
7116;NA;142734;FI;85;23.75;61.46556;5051225;4334192;965319;6845949;20200101;0.4;0;1;0;0.08;1.49269
7117;NA;142739;FI;143;23.80917;60.64639;5073098;4245470;980748;6755708;20200101;-0.2;0;1;0;0.11;1.49269
7119;NA;142749;FI;86;24.80639;60.59556;5127748;4250937;1035750;6757827;20200101;0.4;0;1;0;0.13;1.49269
7137;NA;142844;FI;111;24.65667;60.50833;5121840;4239741;1029040;6746968;20200101;0;0;1;0;0.02;1.49269
7139;NA;142854;FI;87;24.32917;61.11444;5089858;4302092;1001568;6811405;20200101;0.4;0;1;0;0;1.49269
7142;NA;142869;FI;125;25.04194;61.05389;5128945;4303474;1040722;6810412;20200101;-0.2;0;1;0;0.13;1.49269
7171;NA;143014;FI;80;25.52306;61.265;5148864;4331983;1062683;6837801;20200101;0.4;0;1;0;0.26;1.49269
7175;NA;143034;FI;133;25.13583;61.21639;5129816;4322208;1042939;6829142;20200101;-1.3;0;1;0;0.95;1.49269
7179;NA;143054;FI;33;26.81333;60.69639;5232011;4286301;1142621;6787046;20200101;0.2;0;1;0;0.38;1.49269
7181;NA;143064;FI;92;26.05278;61.19944;5178293;4331211;1092058;6835273;20200101;0.1;0;1;0;0.23;1.49269
7198;NA;143149;FI;99;26.94417;60.89028;5233513;4308952;1145742;6809688;20200101;-0.3;0;1;0;0.28;1.49269
7210;NA;143209;FI;5;27.67556;60.52694;5282539;4279446;1192780;6777220;20200101;0.5;0;1;0;1.84;1.49269
7214;NA;143229;FI;106;28.15417;61.04389;5292424;4341694;1207120;6839162;20200101;-0.5;0;1;0;0.01;1.49269
7222;NA;143269;FI;46;28.56556;61.03917;5313986;4346925;1229122;6843193;20200101;0;0;1;0;0.27;1.49269
7223;NA;143274;FI;103;28.21167;61.05694;5295027;4343893;1209887;6841222;20200101;-0.3;0;1;0;0.18;1.49269
7227;NA;143294;FI;77;28.47556;61.19778;5304457;4362704;1220682;6859587;20200101;0;0;1;0;0.22;1.49269
7229;NA;143304;FI;74;29.46389;61.44417;5347584;4403251;1266838;6897942;20200101;-0.6;0;1;0;0;1.49269
7231;NA;143314;FI;5;21.19389;62.33389;4900695;4405366;820507;6926741;20200101;1.8;0;1;0;0.02;1.49269
7241;NA;143364;FI;3;21.37917;61.63028;4923615;4329778;837781;6849564;20200101;3;0;1;0;0.26;1.49269
7242;NA;143369;FI;0;21.17306;62.20306;4902084;4390849;820822;6912111;20200101;2.4;0;1;0;0;1.49269
713;NA;143379;FI;124;22.46694;61.83806;4976212;4362247;892554;6878737;20200101;0;0;1;0;0;1.49269
7245;NA;143389;FI;160;22.80306;62.18306;4986249;4403108;905538;6919051;20200101;-0.7;0;1;0;0.81;1.49269
7261;NA;143469;FI;93;22.18667;62.41306;4949901;4422572;870755;6940844;20200101;-0.3;0;1;0;0.05;1.49269
7263;NA;143479;FI;122;22.46694;61.83806;4976212;4362247;892554;6878737;20200101;-0.5;0;1;0;0.44;1.49269
7280;NA;143569;FI;138;23.54556;62.3275;5020997;4426082;941844;6939924;20200101;-0.9;0;1;0;0;1.49269
7281;NA;143574;FI;96;23.75694;61.5175;5050397;4339927;964909;6851747;20200101;0.6;0;1;0;0.07;1.49269
7283;NA;143584;FI;145;24.78917;61.85639;5095849;4387850;1013743;6897017;20200101;-1.3;0;1;0;0.07;1.49269
7285;NA;143594;FI;153;24.29056;61.84556;5070417;4381269;987881;6891961;20200101;-1.1;0;1;0;0.01;1.49269
7304;NA;143689;FI;144;24.81806;61.85917;5097268;4388470;1015204;6897554;20200101;-1.2;0;1;0;0.03;1.49269
7327;NA;143805;FI;81;25.50833;61.70417;5136761;4379454;1054001;6886140;20200101;0.2;0;1;0;0.45;1.49269
7330;NA;143820;FI;146;26.09889;61.87917;5162498;4405376;1081588;6910626;20200101;-1.8;0;1;0;0.03;1.49269
7356;NA;143950;FI;101;27.21;61.68694;5224757;4398396;1143365;6899991;20200101;-1.5;0;1;0;0.78;1.49269
7373;NA;144040;FI;110;27.88806;61.89194;5253368;4429341;1174223;6929439;20200101;-1.4;0;1;0;0;1.49269
7376;NA;144055;FI;83;27.91083;62.32167;5241679;4475864;1165845;6976855;20200101;-1.4;0;1;0;0.08;1.49269
7385;NA;144100;FI;95;28.93444;61.94583;5304689;4449406;1227079;6946730;20200101;-1.2;0;1;0;0.02;1.49269
7390;NA;144125;FI;79;28.56917;62.06278;5282623;4456885;1205494;6955478;20200101;-1;0;1;0;0;1.49269
7391;NA;144130;FI;78;29.31806;61.80167;5328660;4439405;1250410;6935348;20200101;-0.8;0;1;0;0.03;1.49269
716;NA;144200;FI;90;30.34944;62.235;5366054;4500775;1292289;6995080;20200101;-1.8;0;1;0;0.01;1.49269
7406;NA;144210;FI;6;21.76778;63.04167;4916047;4487686;841847;7008257;20200101;0.2;0;1;0;0.32;1.49269
7408;NA;144220;FI;4;21.06806;63.43528;4873639;4525051;802437;7048431;20200101;1.5;0;1;0;0.39;1.49269
7423;NA;144295;FI;2;21.18833;62.93444;4889079;4471141;813799;6993396;20200101;1;0;1;0;0.27;1.49269
7425;NA;144305;FI;2;20.74333;62.97806;4865905;4472392;790846;6996145;20200101;2;0;1;0;0.44;1.49269
7427;NA;144315;FI;7;21.64306;63.09833;4908693;4492835;834911;7013887;20200101;0.6;0;1;0;0.06;1.49269
7428;NA;144320;FI;26;22.49083;62.93667;4954381;4482540;879615;7000676;20200101;-0.3;0;1;0;0.08;1.49269
7445;NA;144405;FI;42;23.04694;63.12028;4978155;4507700;905129;7024425;20200101;-0.7;0;1;0;0.15;1.49269
718;NA;144480;FI;157;24.22056;62.53444;5050386;4455488;973285;6967615;20200101;-1.9;0;1;0;0.15;1.49269
7466;NA;144520;FI;153;24.44778;63.44528;5039642;4556837;969963;7069972;20200101;-3;0;1;0;0.02;1.49269
7470;NA;144540;FI;170;24.26417;63.08889;5039260;4516230;966618;7029235;20200101;-2.7;0;1;0;0.26;1.49269
7472;NA;144550;FI;227;24.81083;62.51028;5080741;4459124;1003826;6969427;20200101;-2.7;0;1;0;0.09;1.49269
7473;NA;144555;FI;132;25.86167;63.08167;5118346;4532732;1046683;7041088;20200101;-2.4;0;1;0;0.22;1.49269
7489;NA;144635;FI;120;26.42806;62.92139;5150644;4521986;1078148;7028410;20200101;-3.1;0;1;0;1.64;1.49269
7502;NA;144700;FI;99;27.8025;63.00806;5215757;4548251;1145102;7051088;20200101;-2.1;0;1;0;0.04;1.49269
722;NA;144710;FI;90;27.31583;63.14306;5187962;4556646;1117923;7061100;20200101;-2.3;0;1;0;0;1.49269
7511;NA;144750;FI;86;27.90806;62.79833;5227237;4527069;1155062;7029145;20200101;-1.4;0;1;0;0.14;1.49269
7516;NA;144780;FI;87;27.63667;62.89194;5211076;4533653;1139373;7036674;20200101;-1.7;0;1;0;0.01;1.49269
7532;NA;144860;FI;166;28.665;63.37778;5246299;4599142;1179296;7100583;20200101;-4.6;0;1;0;0.12;1.49269
7535;NA;144875;FI;121;29.61444;62.65944;5315589;4535350;1244120;7032602;20200101;-2.4;0;1;0;1.94;1.49269
7536;NA;144880;FI;116;29.23778;63.23167;5278587;4591227;1211038;7090854;20200101;-3;0;1;0;0.22;1.49269
7550;NA;144950;FI;78;29.67167;62.54556;5322148;4524003;1249888;7020825;20200101;-1.8;0;1;0;0.08;1.49269
7551;NA;144955;FI;81;29.72667;62.60139;5323017;4530751;1251240;7027571;20200101;-2.5;0;1;0;1.7;1.49269
7556;NA;144980;FI;98;30.04917;63.32056;5314688;4612040;1248676;7109874;20200101;-3.4;0;1;0;0.62;1.49269
7570;NA;145050;FI;155;30.97778;62.76917;5378496;4567026;1309469;7061159;20200101;-3.7;0;1;0;0.57;1.49269
7578;NA;145090;FI;2;22.52667;63.75083;4938887;4571756;870768;7091135;20200101;1;0;1;0;0;1.49269
7579;NA;145095;FI;5;22.84806;63.95056;4950164;4596408;883803;7115171;20200101;0.6;0;1;0;0;1.49269
7580;NA;145100;FI;26;23.1425;63.71694;4969607;4573636;901466;7091111;20200101;-0.6;0;1;0;0.01;1.49269
7590;NA;145150;FI;3;23.45028;64.33056;4970516;4643308;907504;7161002;20200101;0.8;0;1;0;0.27;1.49269
7603;NA;145220;FI;83;24.16694;63.82083;5016873;4594791;950064;7109456;20200101;-2.5;0;1;0;0.17;1.49269
7604;NA;145225;FI;76;24.72778;64.05;5038207;4625338;973542;7138853;20200101;-3.1;0;1;0;0.41;1.49269
7607;NA;145240;FI;112;25.42806;64.14167;5069257;4642617;1005731;7154374;20200101;-3.4;0;1;0;0.13;1.49269
7617;NA;145290;FI;152;25.70917;63.73556;5093459;4601749;1026870;7111882;20200101;-3.4;0;1;0;0.15;1.49269
725;NA;145375;FI;147;27.67833;64.28139;5171600;4683475;1110736;7189592;20200101;-3.8;0;1;0;0;1.49269
726;NA;145380;FI;207;27.22417;63.84056;5163178;4630589;1098507;7136857;20200101;-4.3;0;1;0;0.76;1.49269
7646;NA;145445;FI;160;27.755;64.21667;5177147;4677466;1115838;7183235;20200101;-4;0;1;0;0.01;1.49269
7647;NA;145450;FI;115;28.8325;63.66667;5245184;4632279;1180555;7133998;20200101;-3.7;0;1;0;0.76;1.49269
7657;NA;145500;FI;161;28.34194;64.11083;5207980;4673456;1146333;7177491;20200101;-3.6;0;1;0;0.61;1.49269
7669;NA;145560;FI;197;30.17;64.2975;5287200;4717690;1228693;7217793;20200101;-6.2;0;1;0;0.15;1.49269
7671;NA;145570;FI;0;23.9;64.61167;4985218;4678104;924691;7195058;20200101;0.4;0;1;0;0.01;1.49269
7672;NA;145575;FI;8;24.73139;65.01917;5013979;4730406;957147;7245896;20200101;-1.2;0;1;0;0;1.8977
7678;NA;145605;FI;0;24.1;65.385;4975902;4763941;921775;7281900;20200101;-0.7;0;1;0;0.46;2
7679;NA;145610;FI;8;24.56528;65.03944;5005794;4730959;949049;7246940;20200101;-0.4;0;1;0;0.47;1.65136
7680;NA;145615;FI;2;24.41056;64.66556;5007880;4688902;948026;7204539;20200101;-0.1;0;1;0;0;1.49269
7681;NA;145620;FI;14;25.35056;64.92833;5044944;4726878;987692;7240516;20200101;-2.1;0;1;0;0;1.82255
7682;NA;145625;FI;48;25.0925;64.68333;5039335;4697704;979969;7211512;20200101;-2.6;0;1;0;0.18;1.49269
7688;NA;145660;FI;3;25.39667;65.00556;5045039;4735706;988433;7249388;20200101;-1.5;0;1;0;0;1.86848
7689;NA;145670;FI;10;25.37556;64.9375;5045859;4728129;988694;7241721;20200101;-2.2;0;1;0;0.26;1.74322
730;NA;145675;FI;114;26.4275;64.50083;5106649;4692398;1046615;7202251;20200101;-4.8;0;1;0;1.54;1.49269
7694;NA;145700;FI;121;26.96667;65.39917;5105756;4795166;1053218;7305729;20200101;-6.2;0;1;0;0.03;2
7711;NA;145785;FI;223;28.75028;64.93056;5201010;4766317;1146069;7271397;20200101;-7.1;0;1;0;0.09;1.5762
7716;NA;145810;FI;341;28.06028;64.66333;5177749;4729117;1120172;7235198;20200101;-6.3;0;1;0;0;1.58038
7724;NA;145850;FI;19;24.58306;65.78306;4987945;4811668;937272;7329184;20200101;-4.3;0;1;0;0.06;2
7730;NA;145880;FI;3;24.51917;65.6725;4987845;4799085;936241;7316530;20200101;-3.1;0;1;0;0.55;1.91858
7735;NA;145905;FI;8;24.1775;65.84667;4968150;4814720;917839;7333441;20200101;-4.8;0;1;0;2.31;1.74739
7753;NA;145995;FI;161;26.37139;65.97639;5062563;4850687;1014308;7364099;20200101;-7.7;0;1;0;0.46;1.89353
7764;NA;146055;FI;203;28.24806;65.57389;5157983;4828860;1107691;7336768;20200101;-7.9;0;1;0;0.11;2
732;NA;146060;FI;264;29.22583;65.995;5187583;4885797;1141317;7392583;20200101;-9.6;0;1;0;0.47;2
7765;NA;146065;FI;160;29.31917;66.36806;5179237;4926644;1135961;7434244;20200101;-11.2;0;1;0;2.11;2
7774;NA;146110;FI;486;29.15528;66.16528;5178881;4903041;1133895;7410445;20200101;-9.5;0;1;0;0.75;2
7776;NA;146120;FI;310;29.4;66.31667;5184436;4922186;1140817;7429470;20200101;-10.2;0;1;0;0.39;2
7784;NA;146160;FI;92;24.65306;66.52889;4972159;4893021;927637;7412010;20200101;-7.9;0;1;0;0.28;2
2269;NA;146185;FI;84;23.96694;66.77222;4936261;4913079;893523;7434362;20200101;-9.5;0;1;0;2.41;2
733;NA;146205;FI;195;25.83528;66.55806;5022841;4907717;979039;7423836;20200101;-7.7;0;1;0;2.19;2
7798;NA;146240;FI;85;25.71194;66.49806;5019123;4900007;974777;7416284;20200101;-7.2;0;1;0;0.01;2
7801;NA;146256;FI;106;26.015;66.57889;5030058;4911792;986508;7427524;20200101;-9.9;0;1;0;6.35;2
7816;NA;146331;FI;208;27.16417;66.71528;5075672;4938595;1033799;7451947;20200101;-8.8;0;1;0;0.52;2
7818;NA;146341;FI;180;28.18;67.28528;5101136;5010821;1064405;7523409;20200101;-12.3;0;1;0;0.07;2
7824;NA;146371;FI;486;27.22194;67.02139;5068990;4972017;1029618;7486028;20200101;-8.1;0;1;0;0;2
7825;NA;146376;FI;215;28.67806;66.83306;5136565;4968373;1096522;7478641;20200101;-10.9;0;1;0;1.18;2
7832;NA;146411;FI;213;29.18139;67.16222;5146919;5009372;1109811;7519481;20200101;-15.2;0;1;0;5.24;2
7837;NA;146441;FI;306;23.43167;68.36167;4875597;5080637;846062;7606911;20200101;-9.5;0;1;0;0.03;2
7842;NA;146466;FI;755;24.03694;68.06167;4907603;5053201;875654;7577292;20200101;-9.6;0;1;0;0.98;2
7843;NA;146471;FI;565;24.12028;67.97278;4913236;5044307;880558;7567983;20200101;-8.8;0;1;0;0.39;2
7845;NA;146481;FI;340;24.24417;67.99917;4917683;5048226;885256;7571667;20200101;-7.3;0;1;0;1.62;2
7846;NA;146486;FI;196;24.8625;67.69556;4951035;5020951;916239;7542172;20200101;-9.8;0;1;0;1.69;2
7847;NA;146491;FI;347;24.24333;67.99083;4917857;5047319;885360;7570742;20200101;-8.1;0;1;0;0.12;2
7848;NA;146496;FI;181;24.90556;67.65167;4953973;5016611;918825;7537622;20200101;-7.6;0;1;0;1.06;2
7850;NA;146506;FI;275;25.78667;68.16917;4976295;5080557;945722;7600820;20200101;-10.1;0;1;0;0.11;2
7856;NA;146536;FI;240;27.75028;67.82056;5066600;5063180;1033964;7578168;20200101;-13.9;0;1;0;0.54;2
7857;NA;146541;FI;247;27.18944;68.08389;5035705;5085368;1004958;7602291;20200101;-13.8;0;1;0;0.62;2
7861;NA;146561;FI;302;27.4175;68.41417;5034843;5123023;1006897;7640373;20200101;-13.7;0;1;0;3.19;2
7862;NA;146566;FI;430;27.44889;68.43194;5035551;5125247;1007763;7642581;20200101;-10.2;0;1;0;0.31;2
7865;NA;146581;FI;253;28.30528;68.4775;5068184;5139204;1041148;7654890;20200101;-9.3;0;1;0;3.33;2
7868;NA;146596;FI;370;29.615;67.7475;5145012;5076653;1112824;7587560;20200101;-10.3;0;1;0;3.39;2
7872;NA;146616;FI;480;20.79556;69.04833;4754803;5136277;730986;7670673;20200101;-8.4;0;1;0;0.33;2
7873;NA;146621;FI;1007;20.85778;69.04194;4757402;5135976;733528;7670199;20200101;-9.6;0;1;0;0.49;2
7875;NA;146631;FI;370;23.58028;68.6025;4875861;5107890;848390;7634386;20200101;-12.1;0;1;0;0.23;2
7881;NA;146661;FI;285;25.74056;68.9025;4954065;5158882;929585;7681195;20200101;-8.9;0;1;0;2.96;2
735;NA;146686;FI;147;27.41806;68.60694;5028956;5143608;1002591;7661500;20200101;-9.4;0;1;0;0.06;2
7887;NA;146696;FI;107;27.01194;69.75556;4978278;5262136;961285;7784187;20200101;-6.6;0;1;0;0.98;2
7888;NA;146701;FI;22;27.90056;70.08139;5001323;5305508;987317;7826799;20200101;-5.5;0;1;0;1.47;2
7893;NA;146726;FI;122;27.49639;69.07139;5017722;5193953;995210;7713015;20200101;-8.6;0;1;0;0.04;2
7898;NA;146751;FI;156;27.27;69.14028;5006834;5199020;984809;7718746;20200101;-8.3;0;1;0;0.58;2
7899;NA;146756;FI;120;27.76083;69.04778;5028713;5194142;1006107;7712597;20200101;-8.7;0;1;0;0.03;2
7900;NA;146761;FI;76;27.015;69.75667;4978359;5262284;961377;7784332;20200101;-6.9;0;1;0;0;2
7904;NA;146781;FI;123;28.30389;68.84889;5056165;5178685;1032154;7695461;20200101;-9.1;0;1;0;0.06;2
7907;NA;146796;FI;103;28.89917;69.58167;5054901;5262814;1037137;7780655;20200101;-7.5;0;1;0;0.28;2
11094;NA;156741;NO;24;7.21694;62.28806;4175983;4356906;96906;6930562;20200101;3.3;0;1;0;3.56;1.49269
11208;NA;171325;SE;135;12.85389;60.27889;4479292;4134114;381318;6684402;20200101;1.1;0;1;0;0.1;2
11209;NA;171336;SE;583;12.12444;63.28306;4428131;4466048;355794;7020360;20200101;-1.1;0;1;0;0.37;1.49269
11210;NA;171347;SE;4;21.56556;65.035;4866596;4703969;808768;7228417;20200101;-1.4;0;1;0;0.09;2
11349;NA;174998;EE;4;23.04333;58.86417;5070129;4042589;963215;6552827;20200101;4.7;0;1;0;0;1.49269
11350;NA;175002;EE;73;27.39806;59.32889;5301957;4146296;1202821;6642469;20200101;2.3;0;1;0;5.86;1.49269
11351;NA;175006;EE;70;26.415;58.74944;5263205;4070230;1158538;6568522;20200101;3.3;0;1;0;0.03;1.49269
11353;NA;175014;EE;1;22.50639;58.21806;5052798;3966219;940432;6477567;20200101;5.2;0;1;0;0.05;1.49269
11354;NA;175018;EE;3;26.54139;59.52139;5249518;4155580;1150862;6654898;20200101;3.8;0;1;0;1.54;1.49269
11355;NA;175022;EE;3;23.97028;58.09833;5139939;3969050;1027812;6474847;20200101;4.5;0;1;0;0.1;1.49269
11356;NA;175026;EE;53;24.73389;58.97306;5163074;4073419;1058401;6577849;20200101;3.5;0;1;0;0.36;1.49269
11357;NA;175030;EE;28;28.11278;59.38917;5339463;4162891;1241670;6656918;20200101;3;0;1;0;2.8;1.49269
11358;NA;175034;EE;24;23.81556;58.95083;5111893;4060435;1006254;6568045;20200101;4.1;0;1;0;0.22;1.49269
11359;NA;175038;EE;12;24.48528;58.38417;5162952;4006265;1053501;6510637;20200101;4.1;0;1;0;0.02;1.49269
11360;NA;175042;EE;23;24.04;59.38917;5114504;4110803;1012465;6618291;20200101;4.5;0;1;0;2.37;1.49269
11361;NA;175046;EE;2;23.25889;57.78306;5105567;3926565;990387;6434541;20200101;5.2;0;1;0;0.04;1.49269
11362;NA;175050;EE;7;22.06639;58.92056;5013569;4038859;906432;6552713;20200101;5.2;0;1;0;0.16;1.49269
11363;NA;175054;EE;33;24.60278;59.39806;5145580;4118193;1044083;6623761;20200101;3.8;0;1;0;0.54;1.49269
11364;NA;175058;EE;3;22.05778;57.91333;5032791;3928246;917725;6440903;20200101;5.8;0;1;0;0.32;1.49269
11365;NA;175062;EE;32;26.95194;58.86528;5290162;4090012;1186995;6586727;20200101;3.2;0;1;0;1.43;1.49269
11367;NA;175070;EE;70;26.46139;58.26389;5278751;4018179;1170457;6515420;20200101;3.8;0;1;0;0.01;1.49269
11368;NA;175074;EE;89;26.27194;58.87417;5251869;4081872;1147989;6580876;20200101;2.8;0;1;0;0.32;1.49269
11369;NA;175078;EE;121;26.23056;59.14139;5242495;4110324;1140606;6609956;20200101;2.2;0;1;0;13.14;1.49269
11370;NA;175082;EE;60;25.40917;58.80833;5205098;4063692;1099804;6565516;20200101;3.5;0;1;0;0;1.49269
11371;NA;175086;EE;86;25.60028;58.37778;5226747;4019268;1118355;6519695;20200101;3.5;0;1;0;0;1.49269
11372;NA;175090;EE;65;26.03778;57.79;5266856;3961059;1154478;6458930;20200101;4.5;0;1;0;0.38;1.49269
11373;NA;175094;EE;2;23.51333;58.57278;5103150;4015771;994320;6523909;20200101;4.4;0;1;0;0.27;1.49269
18495;NA;199337;NO;45;5.2775;60.29139;4059306;4141039;-36202;6723519;20200101;4.3;0;1;0;0.7;1.49269
18213;NA;199421;NO;130;10.79028;59.94639;4365281;4094227;264917;6652921;20200101;1.6;0;1;0;0.69;2
18060;NA;199525;NO;1020;19.54417;69.1025;4704011;5134752;680752;7672492;20200101;-9.5;0;1;0;0.42;2
18278;NA;199596;NO;215;5.39667;60.35;4066346;4147104;-28709;6729033;20200101;3.1;0;1;0;0.29;1.49269
18685;NA;199689;NO;1585;7.38889;61.59639;4181900;4279835;96739;6852829;20200101;-6.7;0;1;0;0.99;1.49269
265;50540;218198;NO;12;5.33306;60.38306;4063089;4150999;-31653;6733201;20200101;5.3;2;1;0;0.06;1.49269
942;97251;218199;NO;131;25.50194;69.46333;4929253;5216922;909423;7741288;20200101;-12.7;2;1;0;6.48;2
953;24890;218200;NO;166;9.13333;60.56694;4273330;4163222;178677;6728899;20200101;3.9;2;1;0;1.11;2
955;93301;218201;NO;381;23.53417;69.57944;4850537;5213106;831384;7742157;20200101;-7.9;2;1;0;3.95;2
1046;44560;218204;NO;7;5.63667;58.88417;4069071;3983633;-38624;6564962;20200101;6.1;2;1;0;0.15;1.49269
1048;4780;218205;NO;202;11.08028;60.20639;4381064;4123329;282816;6680847;20200101;1.6;2;1;0;0.58;2
1058;93900;218207;NO;382;23.53833;68.75528;4870515;5124075;844333;7651044;20200101;-13.5;2;1;0;2.1;2
2230;50500;218208;NO;48;5.22639;60.28917;4056462;4140983;-39043;6723692;20200101;5;2;1;0;0.1;1.49269
2576;28380;218210;NO;170;9.63778;59.62444;4300511;4058253;197740;6621804;20200101;0.4;2;1;0;0.06;1.79749
2579;10380;218212;NO;625;11.35167;62.57694;4390788;4386767;312606;6943753;20200101;-0.4;2;1;0;0;1.49269
2594;19710;218214;NO;163;10.43667;59.85583;4345533;4083992;244495;6644162;20200101;1.9;2;1;0;0.47;2
2596;18500;218215;NO;360;10.68639;60.05083;4359341;4105772;259880;6664910;20200101;-0.4;2;1;0;0.79;2
2600;18950;218216;NO;514;10.66917;59.98444;4358453;4098386;258438;6657590;20200101;0.2;2;1;0;0.46;2
2603;700;218217;NO;672;12.04806;61.88694;4429117;4311089;344851;6865112;20200101;-0.7;2;1;0;0.13;2
2627;24710;218220;NO;142;9.60667;60.38278;4299245;4142530;202879;6706212;20200101;3.1;2;1;0;0.02;2
2669;44080;218224;NO;24;5.55528;58.65917;4062746;3958953;-46827;6540730;20200101;6.2;2;1;0;0.2;1.49269
2677;49800;218225;NO;735;7.27944;60.40833;4170682;4148196;75345;6721823;20200101;0.3;2;1;0;0;1.49269
2685;48330;218226;NO;25;5.06806;59.90806;4044596;4099331;-54125;6682883;20200101;7.1;2;1;0;1.48;1.49269
2726;74350;218230;NO;140;12.84583;64.74194;4457378;4628908;397453;7181439;20200101;1.3;2;1;0;0.43;1.49269
2727;75410;218231;NO;33;10.54917;64.79778;4347273;4632416;288664;7193350;20200101;5.9;2;1;0;0.15;1.49269
2750;90800;218234;NO;21;19.50056;70.24556;4682849;5259220;669634;7799531;20200101;-0.2;2;1;0;0.37;1.49269
2752;93700;218235;NO;307;23.03333;68.99667;4844740;5146251;820552;7675013;20200101;-13.9;2;1;0;3.11;2
4992;36560;218237;NO;142;8.63139;58.65806;4241422;3951536;130838;6519528;20200101;4;2;1;0;0.19;1.62213
4993;38140;218238;NO;6;8.5225;58.34;4234325;3916303;121120;6484824;20200101;5.4;2;1;0;0;1.72651
5001;93140;218241;NO;3;23.35806;69.9775;4834262;5254753;818513;7785239;20200101;-2.6;2;1;0;0.15;2
5002;94280;218242;NO;81;23.67694;70.68056;4829092;5332972;819428;7864648;20200101;-2.3;2;1;0;0.53;2
5003;94680;218243;NO;14;25.97806;71.01056;4903374;5386765;896764;7914650;20200101;-2.1;2;1;0;0.01;1.5428
5004;96310;218244;NO;13;27.82944;71.03306;4968378;5405848;962321;7930283;20200101;-2.8;2;1;0;0.05;1.49269
5005;98090;218245;NO;13;29.03444;70.87056;5016336;5400511;1009261;7922247;20200101;-2.2;2;1;0;0.9;1.49269
5009;98790;218246;NO;39;29.83528;70.06528;5073058;5324065;1059648;7841737;20200101;-5.5;2;1;0;0.47;2
5018;12320;218247;NO;221;11.06944;60.81806;4379376;4191266;286286;6748926;20200101;1.4;2;1;0;1.03;2
5046;59800;218249;NO;38;5.26806;62.32917;4074904;4366878;-2839;6948802;20200101;6.8;2;1;0;0.07;1.49269
5047;62270;218250;NO;3;7.26167;62.74417;4180424;4407389;105307;6980831;20200101;6.1;2;1;0;0.01;1.49269
5049;64330;218251;NO;62;7.81556;63.10917;4210199;4446864;138012;7018031;20200101;5.9;2;1;0;0.45;1.49269
5052;59680;218253;NO;74;6.08056;62.18083;4116123;4347842;36658;6926315;20200101;5.4;2;1;0;0.11;1.49269
5054;60990;218254;NO;22;6.115;62.56167;4120418;4389943;44275;6968203;20200101;6.1;2;1;0;0.02;1.49269
5056;76330;218256;NO;9;12.21806;65.45667;4424568;4706924;371090;7262198;20200101;4.7;2;1;0;0.02;1.49269
5060;84970;218257;NO;26;16.68306;68.49083;4596993;5054045;568860;7598531;20200101;-0.2;2;1;0;0.04;1.75157
5065;85560;218258;NO;26;13.615;68.155;4472642;5007561;442492;7560791;20200101;1.4;2;1;0;0.23;1.49269
5071;85450;218262;NO;9;14.66917;68.24528;4516044;5020156;486316;7570248;20200101;0.9;2;1;0;1.02;1.63048
5073;86600;218263;NO;3;15.02917;68.58;4528064;5058054;501189;7607532;20200101;1.2;2;1;0;0.01;1.49269
5074;79600;218264;NO;70;14.30139;66.36417;4514943;4811704;468746;7360677;20200101;0.5;2;1;0;1;1.49269
5078;72580;218265;NO;2;11.57056;64.47056;4397015;4596916;335147;7153905;20200101;4.1;2;1;0;0.35;1.49269
5083;75550;218266;NO;23;10.99639;65.20194;4367971;4677409;312728;7236904;20200101;6.2;2;1;0;0.93;1.49269
5085;13420;218267;NO;930;10.10833;61.65139;4326763;4283372;241038;6845083;20200101;-2.7;2;1;0;2.93;2
5093;23500;218268;NO;521;9.06306;61.12167;4270331;4224882;180430;6790856;20200101;3.2;2;1;0;0.31;2
5094;54710;218269;NO;956;8.1125;61.17806;4219114;4232170;130049;6802136;20200101;-0.8;2;1;0;0.05;1.63466
5098;18700;218270;NO;94;10.72;59.94194;4361349;4093691;260964;6652678;20200101;0.6;2;1;0;0.91;2
5099;3810;218271;NO;141;11.16583;59.58694;4387013;4054575;283558;6611661;20200101;0.4;2;1;0;0.37;2
5113;56420;218273;NO;7;5.04417;61.29278;4054658;4252898;-32052;6836092;20200101;5.9;2;1;0;0.35;1.49269
5114;57710;218274;NO;9;5.02778;61.58306;4056195;4285116;-27971;6868292;20200101;6.6;2;1;0;0.82;1.49269
5118;55700;218275;NO;497;7.14139;61.15806;4166627;4231711;77785;6805814;20200101;2.1;2;1;0;0.53;1.49269
5121;58100;218277;NO;60;6.10417;61.82917;4115051;4308796;32501;6887236;20200101;4.9;2;1;0;0.11;1.49269
5132;71990;218279;NO;18;10.455;64.40139;4343078;4588470;281033;7149581;20200101;6.2;2;1;0;0.75;1.49269
5134;65270;218280;NO;306;9.34889;63.23028;4288102;4458725;216288;7023753;20200101;2.7;2;1;0;0.47;1.49269
5137;65940;218281;NO;5;8.46667;63.84667;4245145;4527749;179117;7096375;20200101;6.8;2;1;0;0.08;1.49269
5142;31620;218283;NO;977;8.17917;59.83944;4218664;4083408;118156;6653217;20200101;-2;2;1;0;0.27;1.72234
5150;90490;218285;NO;8;18.91306;69.67667;4669723;5194095;651588;7734673;20200101;-0.8;2;1;0;0.01;1.8309
5152;91740;218286;NO;6;20.95528;69.78889;4746688;5217853;729303;7753526;20200101;-1.6;2;1;0;0.18;2
5160;27450;218289;NO;26;10.34806;59.23;4340913;4014406;234659;6574926;20200101;4.8;2;1;0;0.09;1.58873
5161;27470;218290;NO;88;10.25528;59.18417;4335624;4009289;229009;6570204;20200101;4.6;2;1;0;2.22;1.64301
11089;4260;218291;NO;143;10.97778;59.9775;4375736;4097815;275590;6655730;20200101;1.7;2;1;0;2.8;2
11092;12180;218292;NO;182;11.20278;60.80278;4386683;4189686;293431;6746799;20200101;-1.2;2;1;0;1.44;2
11095;84630;218294;NO;1000;17.48028;68.42083;4630699;5049748;601778;7591834;20200101;-6.7;2;1;0;0.52;1.71816
11096;86520;218295;NO;14;15.28278;68.64806;4537843;5066321;511490;7615146;20200101;0.6;2;1;0;0.07;1.49269
11098;69020;218296;NO;23;10.53333;63.42444;4347771;4480207;277179;7040654;20200101;4.3;2;1;0;0.01;1.49269
11099;30650;218297;NO;20;9.21056;59.56667;4276271;4052028;173136;6617410;20200101;-1.1;2;1;0;6.44;1.66388
18005;26990;218308;NO;60;10.215;59.61917;4333163;4057633;230196;6618728;20200101;2.8;2;1;0;0.09;2
18006;72710;218309;NO;32;12.01944;64.51028;4418597;4601873;356920;7157238;20200101;2.9;2;1;0;0.22;1.49269
18008;64510;218311;NO;23;8.18583;62.91306;4228371;4424583;154298;6994235;20200101;5.2;2;1;0;0.09;1.49269
18009;30330;218312;NO;41;9.57694;59.22667;4296793;4014059;190704;6577883;20200101;1.4;2;1;0;2.59;1.78914
18010;3370;218313;NO;45;11.04194;59.31917;4380458;4024705;274794;6582286;20200101;3.4;2;1;0;0.36;2
18015;17850;218317;NO;92;10.78167;59.66056;4365167;4062458;262410;6621163;20200101;2.4;2;1;0;0.07;2
18017;69150;218319;NO;27;10.87917;63.48806;4365034;4487435;294868;7046574;20200101;4.3;2;1;0;0.02;1.49269
18018;76530;218320;NO;21;12.42556;65.82917;4432683;4748452;382400;7303280;20200101;4.4;2;1;0;0.14;1.49269
18019;44300;218321;NO;87;5.65056;58.76056;4068993;3969865;-39755;6551172;20200101;5.2;2;1;0;0.1;1.49269
18020;90400;218322;NO;20;18.90917;69.65389;4669935;5191588;651600;7732128;20200101;-0.6;2;1;0;0.26;1.86013
18022;99460;218324;NO;27;30.04083;69.45528;5102230;5262088;1083962;7777420;20200101;-8.5;2;1;0;5.01;2
18023;16271;218325;NO;940;9.47944;61.88806;4293517;4309743;210038;6874045;20200101;-0.7;2;1;0;0.01;1.99791
18025;23550;218326;NO;965;8.92278;61.25056;4262977;4239303;174230;6805864;20200101;-1.1;2;1;0;1.19;1.78497
18026;60810;218327;NO;625;6.87167;62.51556;4159207;4382883;82280;6957965;20200101;0.9;2;1;0;0;1.49269
18027;32061;218328;NO;94;9.21167;59.38194;4276095;4031496;171407;6596886;20200101;0.9;2;1;0;0.3;1.97286
18028;50310;218329;NO;455;5.96389;60.38833;4097938;4149443;2967;6728840;20200101;1.4;2;1;0;0.24;1.49269
18029;45770;218330;NO;43;6.14944;59.23;4100823;4020319;-4127;6599220;20200101;4.5;2;1;0;0.07;1.49269
18031;19940;218331;NO;39;10.25944;59.79056;4335604;4076689;234063;6637602;20200101;2.5;2;1;0;0.33;2
18032;27315;218332;NO;39;10.23944;59.38056;4334640;4031116;229669;6592101;20200101;4.5;2;1;0;0.3;2
18033;5660;218333;NO;170;12.09139;60.25333;4437106;4129801;339041;6683173;20200101;1.9;2;1;0;0.19;2
18035;16040;218335;NO;309;9.54139;61.77806;4296702;4297509;212256;6861546;20200101;1.7;2;1;0;0.15;2
18036;17380;218336;NO;35;10.75417;59.39806;4363939;4033266;258995;6592068;20200101;4.6;2;1;0;0;1.8476
18037;64760;218337;NO;5;8.68917;62.98528;4254227;4432021;180560;6999644;20200101;4.6;2;1;0;1.02;1.49269
18038;49490;218338;NO;12;6.65389;60.31833;4135647;4139687;39787;6716062;20200101;5.8;2;1;0;1.19;1.49269
18040;9380;218340;NO;1475;9.35167;62.29556;4287216;4355027;207295;6919895;20200101;-4.3;2;1;0;0.2;1.93946
18042;53530;218341;NO;1162;7.27556;60.65639;4171590;4175742;78379;6749345;20200101;-3.4;2;1;0;0.09;1.49269
18043;32240;218342;NO;105;9.02833;59.4175;4265709;4035577;161373;6601755;20200101;-0.4;2;1;0;0.96;1.87683
18044;41825;218343;NO;6;7.04528;58.13389;4146720;3896093;32228;6471264;20200101;4.1;2;1;0;3.18;1.76409
18045;8880;218344;NO;478;10.62667;62.10917;4353852;4334331;271881;6894042;20200101;2.5;2;1;0;1.99;2
18046;80610;218345;NO;17;12.48583;66.76278;4431406;4851754;389333;7407167;20200101;4.7;2;1;0;0.52;1.49269
18047;45530;218346;NO;300;6.12083;59.05083;4098050;4000518;-8411;6579602;20200101;3.1;2;1;0;0.19;1.49269
18049;50539;218348;NO;46;5.33167;60.38333;4063014;4151035;-31724;6733243;20200101;5.3;2;1;0;0.15;1.49269
18050;55770;218349;NO;45;6.86056;61.17917;4151583;4234697;63044;6810004;20200101;6.5;2;1;0;2.24;1.49269
18051;47498;218350;NO;8;5.95389;59.6625;4092532;4068941;-8659;6648591;20200101;3.7;2;1;0;1.64;1.49269
18053;20280;218352;NO;126;10.26583;60.14028;4335810;4115553;237209;6676457;20200101;3.3;2;1;0;0.81;2
18054;67140;218353;NO;44;10.29694;63.34028;4335948;4470804;264713;7032140;20200101;3.9;2;1;0;0.04;1.49269
18055;20540;218354;NO;245;10.55917;60.35556;4351953;4139567;255089;6699265;20200101;2.8;2;1;0;0.37;2
18056;4920;218355;NO;160;11.39306;60.12667;4398636;4114776;299649;6670989;20200101;2.3;2;1;0;1.6;2
18057;3290;218356;NO;100;11.39056;59.38806;4400191;4032701;295032;6588823;20200101;2;2;1;0;0;2
18058;97710;218357;NO;591;25.34583;69.30028;4927694;5198033;906456;7722290;20200101;-9.4;2;1;0;4.58;2
18059;69655;218358;NO;32;10.69306;63.56528;4355621;4495893;286193;7055774;20200101;4.6;2;1;0;0.02;1.49269
18061;13150;218359;NO;200;10.18694;61.45806;4331005;4261915;243603;6823278;20200101;-3.7;2;1;0;11.73;2
18062;87000;218360;NO;500;15.31083;68.71806;4538330;5074109;512591;7622956;20200101;-3.4;2;1;0;0.26;1.49269
18063;84210;218361;NO;740;17.79056;68.19056;4646658;5025919;615665;7566726;20200101;-5.7;2;1;0;0.3;2
18064;7420;218362;NO;872;11.49917;61.37639;4401431;4253687;312962;6809730;20200101;-2.9;2;1;0;0.59;2
18065;25115;218363;NO;1344;8.49667;60.83944;4238998;4194072;146887;6762432;20200101;-3.6;2;1;0;0.19;1.85177
18066;13030;218364;NO;375;10.25889;61.22444;4334956;4235986;245540;6797023;20200101;0.4;2;1;0;0.02;2
18067;71320;218365;NO;23;9.97056;63.58556;4319530;4497971;250556;7060647;20200101;5.6;2;1;0;0.41;1.49269
18068;27780;218366;NO;19;10.125;59.04667;4328189;3993983;220458;6555457;20200101;4.8;2;1;0;0.26;1.94781
18069;26820;218367;NO;15;9.89194;59.76139;4314912;4073426;213223;6635893;20200101;2;2;1;0;0.16;2
18071;70680;218369;NO;59;11.42556;63.9425;4391290;4538257;324877;7095516;20200101;3.3;2;1;0;0.1;1.49269
18072;82110;218370;NO;20;15.10167;67.27639;4542801;4914723;504383;7462195;20200101;1.3;2;1;0;0.01;1.95198
18073;16400;218371;NO;560;9.21417;62.01694;4279682;4324179;197411;6889576;20200101;2.6;2;1;0;0.09;1.82672
18074;15270;218372;NO;1894;8.36889;61.6775;4234315;4287269;149446;6856140;20200101;-7.3;2;1;0;0.08;2
18076;18269;218374;NO;123;10.905;59.95389;4371697;4095137;271370;6653353;20200101;-1.9;2;1;0;11.8;1.75992
18077;57790;218375;NO;715;5.20056;61.67889;4066150;4295095;-17264;6877487;20200101;0.4;2;1;0;0.28;1.49269
18078;40250;218376;NO;308;7.52694;59.19694;4179408;4013145;73688;6585914;20200101;3.6;2;1;0;1.26;1.59708
18079;80740;218377;NO;9;13.64583;66.90333;4481980;4869549;440725;7421248;20200101;3.6;2;1;0;0.21;1.49269
18081;26900;218379;NO;8;10.12333;59.75333;4327950;4072532;226132;6634019;20200101;1.3;2;1;0;0.75;2
18082;61630;218380;NO;579;8.19972;62.25806;4227085;4351911;147307;6921484;20200101;-0.2;2;1;0;5.09;1.49269
18084;46432;218382;NO;1370;6.71056;59.83556;4136157;4085948;36147;6662185;20200101;-4.9;2;1;0;0.01;1.49269
18085;8140;218383;NO;257;11.08028;61.42556;4378871;4258736;290929;6816473;20200101;-1.2;2;1;0;0.81;2
18086;27160;218384;NO;95;10.46444;59.41944;4347428;4035502;242728;6595532;20200101;4.4;2;1;0;0.98;1.81837
18087;15730;218385;NO;664;7.89556;61.89556;4209938;4312132;127149;6882973;20200101;1.5;2;1;0;0.78;1.49269
18088;85890;218386;NO;4;12.10389;67.52667;4411623;4935577;376497;7492978;20200101;3.9;2;1;0;0.06;1.49269
18089;50810;218387;NO;90;5.34167;60.47417;4064268;4161070;-29691;6743204;20200101;4.8;2;1;0;0.01;1.49269
18092;12680;218389;NO;240;10.47583;61.09167;4346757;4221301;256147;6781432;20200101;0.1;2;1;0;0.21;2
18093;51010;218390;NO;10;5.72417;60.52056;4085646;4164885;-8082;6745306;20200101;5.3;2;1;0;0.14;1.49269
18094;51800;218391;NO;695;6.93694;60.70194;4153265;4181558;60583;6756619;20200101;0.2;2;1;0;0.05;1.49269
18095;59695;218392;NO;690;6.28778;62.16;4126812;4344946;47062;6922539;20200101;0.4;2;1;0;0.09;1.49269
18096;26580;218393;NO;14;10.21417;59.73083;4333077;4070043;231046;6631145;20200101;2.4;2;1;0;0;2
18097;71780;218394;NO;30;10.22333;63.96778;4332003;4540361;266261;7102185;20200101;5.3;2;1;0;0.03;1.49269
18098;29720;218395;NO;798;8.52639;60.41889;4239588;4147328;143881;6715587;20200101;-0.2;2;1;0;0.33;1.67223
18100;68290;218396;NO;160;11.0075;63.22444;4371913;4458291;299420;7016839;20200101;2.9;2;1;0;0.29;1.49269
18101;90495;218397;NO;80;18.98167;69.69417;4672108;5196357;654116;7736793;20200101;-1.8;2;1;0;0.06;1.81002
18102;33300;218398;NO;1340;7.81694;59.7675;4198054;4075991;97061;6647384;20200101;-5;2;1;0;0.04;1.5261
18104;77280;218399;NO;50;13.28917;65.62139;4473604;4727115;421209;7278782;20200101;1.8;2;1;0;2.41;1.49269
18106;73550;218400;NO;95;12.38333;64.53083;4436092;4604704;374474;7158757;20200101;2.2;2;1;0;0;1.49269
18107;27435;218401;NO;25;10.40194;59.24167;4343989;4015719;237819;6576010;20200101;4.4;2;1;0;0.03;1.55532
18108;96850;218402;NO;32;28.15889;70.21194;5006644;5321950;993807;7843156;20200101;-5.3;2;1;0;0.53;2
18109;29400;218403;NO;1250;7.48056;60.18306;4180848;4122769;83509;6695561;20200101;-4.7;2;1;0;0.65;1.49269
18110;80880;218404;NO;600;14.16639;67.09306;4503546;4891777;463792;7441996;20200101;-1.8;2;1;0;0.14;1.49269
18111;43010;218405;NO;65;6.50417;58.50667;4116951;3938942;5760;6516456;20200101;3.9;2;1;0;1.11;1.49269
18112;91180;218406;NO;45;20.13833;69.89139;4713373;5224136;696955;7762061;20200101;-1.8;2;1;0;0.01;2
18113;41090;218407;NO;10;7.45167;58.02444;4170224;3883005;54697;6456370;20200101;5.6;2;1;0;0.19;1.63883
18114;60640;218408;NO;2;7.2525;62.29667;4177875;4357788;98856;6931295;20200101;4.8;2;1;0;0.14;1.49269
18115;92750;218409;NO;6;22.14556;70.48639;4777209;5301199;765851;7835766;20200101;-0.8;2;1;0;0;2
18116;53480;218410;NO;960;7.20833;60.71917;4168197;4182855;75552;6756738;20200101;-1.2;2;1;0;0.08;1.49269
18117;32890;218411;NO;560;8.19917;59.49667;4218771;4045294;115358;6615062;20200101;-1.6;2;1;0;3.71;1.83925
18118;60945;218412;NO;15;6.21056;62.47028;4124761;4379547;47767;6957418;20200101;6.9;2;1;0;0.94;1.49269
18119;11450;218413;NO;143;11.23028;60.39417;4389021;4144326;292317;6701253;20200101;1.6;2;1;0;0.07;2
18120;29950;218414;NO;15;10.14806;58.96889;4329534;3985339;221150;6546714;20200101;6;2;1;0;0.54;1.98956
18121;67560;218415;NO;127;10.56056;62.97639;4349564;4430526;275081;6990726;20200101;1.1;2;1;0;3.73;1.49269
18122;32220;218416;NO;1102;8.98333;59.50194;4263290;4044998;159677;6611364;20200101;-2.5;2;1;0;0.03;1.881
18123;90510;218417;NO;3;19.00639;69.65056;4673770;5191720;655391;7732001;20200101;-1.5;2;1;0;0.7;1.8142
18124;27330;218418;NO;33;10.29806;59.29389;4338021;4021495;232312;6582229;20200101;3.4;2;1;0;1.69;1.56367
18125;49087;218419;NO;1390;6.42944;60.21778;4122631;4129134;26001;6706520;20200101;-4.3;2;1;0;0.75;1.49269
18126;27420;218420;NO;32;10.39806;59.12056;4343845;4002255;236667;6562560;20200101;4.7;2;1;0;0.07;1.51775
18127;57000;218421;NO;321;5.76;61.39083;4093766;4261263;7563;6841291;20200101;2.5;2;1;0;0.73;1.49269
18128;68125;218422;NO;156;10.34944;63.42194;4338542;4479872;267997;7041030;20200101;3;2;1;0;0.02;1.49269
18129;98360;218423;NO;152;29.7;70.60278;5049260;5379218;1040204;7898901;20200101;-5.4;2;1;0;0.28;1.49269
18130;30255;218424;NO;100;9.66;59.09083;4301470;3998934;194223;6562406;20200101;4.3;2;1;0;2.4;1.80167
18131;91380;218425;NO;20;20.28194;69.3875;4728141;5170079;707303;7706523;20200101;-2.3;2;1;0;0.31;2
18132;44610;218426;NO;21;5.41194;59.07056;4057517;4005130;-48510;6587418;20200101;6.6;2;1;0;0.17;1.49269
18133;63630;218427;NO;1550;9.39167;62.63528;4289649;4392705;212651;6957458;20200101;-5.9;2;1;0;0.52;1.49269
18134;40510;218428;NO;1105;6.88167;59.33333;4143186;4029744;38844;6605344;20200101;-3.1;2;1;0;0.08;1.49269
18135;91120;218429;NO;670;20.15167;69.55944;4719912;5188050;700586;7725202;20200101;-5.9;2;1;0;0.32;2
18136;50570;218430;NO;175;5.33556;60.40389;4063388;4153300;-31175;6735484;20200101;3.8;2;1;0;0;1.49269
18137;27010;218431;NO;193;10.14583;59.71306;4329228;4068058;227065;6629448;20200101;-0.6;2;1;0;1.51;2
18139;51530;218433;NO;54;6.42639;60.625;4124876;4174331;31745;6751634;20200101;3.6;2;1;0;0.09;1.49269
18140;85040;218434;NO;8;15.94306;68.36806;4567824;5037748;538796;7584197;20200101;1.2;2;1;0;0.28;1.68476
18141;50175;218435;NO;32;5.20389;60.01667;4053055;4110853;-44789;6693755;20200101;6.1;2;1;0;0.26;1.49269
18142;58860;218436;NO;1020;6.10639;61.89028;4115568;4315564;33551;6893982;20200101;-2.1;2;1;0;0.02;1.49269
18146;39750;218437;NO;207;7.80306;58.68639;4193374;3955890;83272;6527538;20200101;4.1;2;1;0;0.5;1.73069
18147;63705;218438;NO;604;9.66667;62.60417;4303804;4389158;226430;6952804;20200101;1.4;2;1;0;0.04;1.49269
18148;90100;218439;NO;124;18.67694;69.41389;4664622;5164189;644213;7704848;20200101;-2;2;1;0;0.01;1.92693
18149;35210;218440;NO;32;9.02639;58.87;4264724;3974721;155801;6540957;20200101;2.2;2;1;0;5.9;1.51357
18150;27270;218441;NO;3;10.43083;59.27806;4345615;4019774;239742;6579943;20200101;4.6;2;1;0;0.04;1.56785
18152;46930;218443;NO;20;5.72056;59.49278;4078180;4050881;-24368;6631631;20200101;4.3;2;1;0;0.78;1.49269
18153;62290;218444;NO;5;7.2275;62.74139;4178658;4407150;103534;6980733;20200101;6.6;2;1;0;0.38;1.49269
18154;38730;218445;NO;162;8.41667;58.60056;4228790;3945402;117787;6514350;20200101;3.2;2;1;0;0.7;1.66806
18155;26950;218446;NO;4;10.40444;59.60278;4343892;4055858;240740;6616150;20200101;4.1;2;1;0;0;2
18156;68050;218447;NO;13;10.44278;63.44278;4343212;4482209;272812;7043012;20200101;4.5;2;1;0;0;1.49269
18157;13160;218448;NO;1030;10.12778;61.46444;4327837;4262617;240508;6824222;20200101;-1.9;2;1;0;0.05;2
18161;79220;218450;NO;5;13.90389;66.23444;4497928;4796318;450710;7346474;20200101;2;2;1;0;0.62;1.49269
18162;31400;218451;NO;1008;8.69778;59.86556;4247863;4085668;147405;6653235;20200101;-1.4;2;1;0;0.34;1.88518
18164;18920;218452;NO;177;10.67083;59.95694;4358577;4095331;258330;6654525;20200101;1.9;2;1;0;1.39;2
18165;94230;218453;NO;18;22.81778;70.41056;4803857;5297608;791832;7830451;20200101;-0.9;2;1;0;0.09;2
18166;61420;218454;NO;67;7.83556;62.44556;4208779;4373244;130790;6944321;20200101;4.2;2;1;0;0;1.49269
18167;17000;218455;NO;10;10.82889;59.15139;4368529;4005896;261513;6564367;20200101;5.3;2;1;0;0.18;2
18168;26630;218456;NO;13;9.87278;59.73194;4313826;4070155;211895;6632704;20200101;3.6;2;1;0;2.07;2
18170;80102;218457;NO;10;12.61056;66.37056;4438733;4808615;393148;7363256;20200101;4.3;2;1;0;0.01;1.49269
18171;4200;218458;NO;108;11.03806;59.97056;4379122;4097091;278904;6654754;20200101;1.3;2;1;0;0.24;2
18172;34130;218459;NO;3;9.57417;58.85639;4296376;3972897;187194;6536752;20200101;5.8;2;1;0;0.69;1.78079
18173;89980;218460;NO;230;19.62778;69.09333;4707497;5134219;684150;7671721;20200101;-3.6;2;1;0;1.2;2
18174;65451;218461;NO;13;9.1125;63.51833;4276595;4490798;207394;7056815;20200101;5.5;2;1;0;0.05;1.49269
18175;92860;218462;NO;560;22.34139;70.17278;4791413;5268570;777323;7801883;20200101;-5.7;2;1;0;0.44;2
18176;48120;218463;NO;49;5.34056;59.79306;4058957;4085544;-40867;6667907;20200101;5.5;2;1;0;0.03;1.49269
18177;79764;218464;NO;251;14.95389;66.49917;4543140;4828557;497948;7375551;20200101;-0.4;2;1;0;0.06;2
18178;64700;218465;NO;405;8.77528;62.72167;4258065;4402702;182068;6969950;20200101;3;2;1;0;1.3;1.49269
18180;68860;218466;NO;127;10.45333;63.41056;4343766;4478639;273083;7039391;20200101;3.5;2;1;0;0.12;1.49269
18183;65310;218467;NO;5;7.95306;63.51833;4218597;4492012;149931;7062646;20200101;6.9;2;1;0;0.39;1.49269
18184;52310;218468;NO;125;5.97306;60.85583;4101573;4201269;10631;6780502;20200101;3.7;2;1;0;0.08;1.49269
18185;40880;218469;NO;841;7.38944;59.57667;4173169;4055607;70707;6628907;20200101;-1;2;1;0;0.05;1.49269
18186;21680;218470;NO;542;10.03556;60.93417;4322934;4203722;231116;6765646;20200101;0.2;2;1;0;1.06;2
18188;92650;218472;NO;27;22.07056;70.23667;4779837;5273652;766306;7807754;20200101;-1.3;2;1;0;0.01;2
18189;25110;218473;NO;604;8.59306;60.85444;4244290;4195630;152273;6763581;20200101;2;2;1;0;0.04;1.85595
18190;93000;218474;NO;438;22.44278;70.60667;4785537;5316216;775221;7850420;20200101;-4.9;2;1;0;2.13;2
18191;10800;218475;NO;747;11.81528;62.67917;4414405;4398645;336966;6953871;20200101;-1.9;2;1;0;0.19;1.49269
18193;90560;218477;NO;63;18.87694;69.69889;4667967;5196340;650034;7737058;20200101;-1.6;2;1;0;0.12;1.80585
18194;16560;218478;NO;638;9.11444;62.07167;4274521;4330315;192759;6896124;20200101;1.7;2;1;0;0.06;1.96451
18195;27120;218479;NO;70;10.38444;59.42806;4342870;4036432;238261;6596802;20200101;3.9;2;1;0;0.03;1.87265
18196;50070;218480;NO;49;6.28056;60.36306;4115264;4145680;19941;6723686;20200101;5.1;2;1;0;0.06;1.49269
18197;43350;218481;NO;49;5.87167;58.43528;4079597;3932990;-31980;6513399;20200101;6.5;2;1;0;1.26;1.49269
18198;91430;218482;NO;502;20.57917;69.22333;4742896;5153988;720608;7689317;20200101;-5.4;2;1;0;1.76;2
18199;9580;218483;NO;482;10.73167;62.26917;4359159;4352141;278527;6911473;20200101;0.3;2;1;0;1.13;2
18200;60190;218484;NO;1050;6.84889;62.30639;4156917;4359747;78173;6934945;20200101;-2;2;1;0;0.12;1.49269
18201;99370;218485;NO;89;29.89778;69.72556;5087331;5288958;1071183;7805416;20200101;-6;2;1;0;6.8;1.70564
18204;77425;218487;NO;319;13.36667;65.16583;4479854;4676911;423462;7227927;20200101;0.5;2;1;0;0.02;1.49269
18205;51990;218488;NO;700;6.47306;60.86556;4128846;4200893;37768;6777938;20200101;-0.1;2;1;0;0.06;1.49269
18206;15262;218489;NO;1844;8.36833;61.67389;4234275;4286869;149376;6855743;20200101;-6.4;2;1;0;0.35;2
18207;69380;218490;NO;169;11.72778;63.41139;4407755;4479726;336644;7035599;20200101;3.1;2;1;0;0.35;1.49269
18208;15890;218491;NO;872;7.66333;62.01583;4198160;4325862;116514;6897669;20200101;-0.7;2;1;0;0;1.49269
18209;4460;218492;NO;170;10.82889;60.11694;4367210;4113203;268270;6671753;20200101;-1.8;2;1;0;7.16;2
18210;66150;218493;NO;4;9.84917;63.31528;4313401;4468008;242122;7031084;20200101;4.6;2;1;0;0.13;1.49269
18211;180;218494;NO;360;12.27167;61.29417;4443174;4245668;353832;6798607;20200101;-2;2;1;0;0.3;2
18214;90760;218495;NO;57;20.11417;70.10417;4708588;5247170;694041;7785639;20200101;-1.2;2;1;0;0.22;2
18215;18815;218496;NO;15;10.68278;59.905;4359304;4089565;258619;6648705;20200101;-0.1;2;1;0;6.12;2
18216;76450;218497;NO;4;11.85583;65.70167;4406870;4733539;355680;7290268;20200101;4.9;2;1;0;0;1.49269
18217;54110;218498;NO;2;7.5025;61.10306;4185888;4224867;96423;6797432;20200101;4.1;2;1;0;0.51;1.49269
18218;46430;218499;NO;1010;6.73306;59.83139;4137398;4085427;37344;6661566;20200101;-2;2;1;0;0;1.49269
18219;55420;218500;NO;243;7.27639;61.65167;4176163;4286195;91530;6859660;20200101;3.2;2;1;0;0.48;1.49269
18220;42940;218501;NO;560;6.90944;58.92306;4142690;3984105;34869;6559683;20200101;1.2;2;1;0;0.16;1.50939
18221;7950;218502;NO;255;11.37444;61.18444;4395182;4232240;305116;6788737;20200101;-3.8;2;1;0;2.57;2
18222;57340;218503;NO;980;6.09583;61.45694;4112173;4267555;26387;6846109;20200101;-1.9;2;1;0;0.08;1.49269
18223;91729;218504;NO;850;20.43083;70.075;4721158;5245815;706319;7783438;20200101;-7.3;2;1;0;0.23;2
18224;18315;218505;NO;37;10.76194;59.91889;4363728;4091154;263140;6649963;20200101;3;2;1;0;3.21;2
18225;62295;218506;NO;258;7.20889;62.75583;4177771;4408789;102782;6982449;20200101;3.6;2;1;0;0.06;1.49269
18226;50865;218507;NO;345;5.54167;60.38278;4074597;4150226;-20239;6731498;20200101;2.7;2;1;0;0.07;1.49269
18228;82410;218509;NO;24;13.89556;67.40444;4489562;4925442;452647;7476889;20200101;3.3;2;1;0;0.68;1.49269
18230;33890;218510;NO;821;7.36528;59.76583;4172622;4076668;71775;6650038;20200101;-0.1;2;1;0;0.63;1.49269
18231;64870;218511;NO;410;9.08778;63.04917;4274629;4438786;201348;7004820;20200101;1.3;2;1;0;0.99;1.49269
18232;59110;218512;NO;75;4.98583;62.03389;4057761;4335202;-22430;6918428;20200101;6.6;2;1;0;0.27;1.49269
18233;71850;218513;NO;16;9.40528;64.17278;4291909;4563188;228309;7128220;20200101;6.5;2;1;0;0.06;1.49269
18234;23420;218514;NO;358;9.22389;60.97833;4278842;4208859;187662;6774158;20200101;3.8;2;1;0;1.01;2
18235;87120;218515;NO;436;16.00306;69.24139;4560977;5133927;539675;7681603;20200101;-3.1;2;1;0;0.08;1.49269
18236;98580;218516;NO;12;31.04389;70.35417;5106400;5368009;1095894;7884578;20200101;-4.2;2;1;0;1;2
18238;81650;218518;NO;39;15.31556;66.93667;4555250;4877987;513795;7424355;20200101;-0.6;2;1;0;2.38;1.97704
18239;85840;218519;NO;4;12.72278;67.65278;4437661;4950427;403394;7505929;20200101;3.5;2;1;0;0.02;1.49269
18240;61060;218520;NO;43;6.75528;62.65083;4153935;4398151;78249;6973706;20200101;6.7;2;1;0;0.95;1.49269
18241;20301;218521;NO;140;10.24778;60.16639;4334794;4118451;236417;6679432;20200101;3.5;2;1;0;1.2;2
18242;95350;218522;NO;5;24.99;70.06;4893621;5276576;878753;7803701;20200101;-3.2;2;1;0;0.16;2
18244;82000;218523;NO;7;15.48556;67.16556;4560519;4903790;521027;7449918;20200101;1.3;2;1;0;0.02;2
18245;55820;218524;NO;3;6.76417;61.42306;4147705;4261987;61318;6837668;20200101;3.9;2;1;0;1.39;1.49269
18246;76240;218525;NO;302;11.99278;65.22;4414869;4680414;359399;7236325;20200101;2.8;2;1;0;5.05;1.49269
18249;25630;218528;NO;772;8.19444;60.53;4221587;4160093;126944;6729761;20200101;0.5;2;1;0;0.03;1.49269
18250;14200;218529;NO;599;9.15417;61.72444;4276111;4291748;191345;6857368;20200101;3.2;2;1;0;0.89;1.91023
18251;89940;218530;NO;204;19.70167;68.78167;4715817;5100611;689746;7637280;20200101;-6.1;2;1;0;2.2;2
18252;62980;218531;NO;990;7.925;62.93;4215117;4426830;141311;6997545;20200101;-1.9;2;1;0;0.52;1.49269
18253;99540;218532;NO;56;29.24389;69.14667;5082661;5220523;1061504;7736364;20200101;-9.4;2;1;0;1.52;2
18254;84880;218533;NO;365;17.96583;68.39917;4651004;5049625;621807;7590301;20200101;-2.5;2;1;0;0.2;2
18255;9310;218534;NO;1012;9.54194;62.22056;4297073;4346626;216434;6910713;20200101;-1.5;2;1;0;0.01;1.8643
18256;27460;218535;NO;5;10.41028;59.21694;4344482;4012974;238104;6573228;20200101;4.4;2;1;0;0.15;1.5929
18257;55928;218536;NO;15;6.52833;61.20278;4133808;4238154;45619;6814891;20200101;5.4;2;1;0;0.37;1.49269
18259;27400;218537;NO;2;10.45583;59.23667;4347075;4015182;240851;6575243;20200101;4.5;2;1;0;0;1.60125
18261;77490;218538;NO;940;13.44806;65.31417;4482805;4693503;427682;7244359;20200101;-3;2;1;0;2.22;1.49269
18262;86740;218539;NO;8;14.43306;68.60667;4503354;5059305;476921;7610611;20200101;2.2;2;1;0;0.8;1.49269
18263;57770;218540;NO;26;4.68167;61.57167;4037700;4285199;-46389;6869902;20200101;7.4;2;1;0;1.62;1.49269
18265;85080;218541;NO;6;15.87667;68.51694;4563522;5053882;535829;7600756;20200101;-0.1;2;1;0;0.35;1.57203
18266;78800;218542;NO;406;14.19417;65.82556;4514051;4751926;463177;7300702;20200101;0;2;1;0;0.59;1.49269
18267;17280;218543;NO;14;10.57806;59.43528;4353877;4037309;249283;6596859;20200101;5.3;2;1;0;0.4;1.70146
18268;49085;218544;NO;1212;6.43444;60.22639;4122960;4130076;26401;6707438;20200101;-3.4;2;1;0;0;1.49269
18271;5590;218547;NO;148;12.00667;60.19028;4432613;4122661;334037;6676365;20200101;1.2;2;1;0;0.11;2
18272;92500;218548;NO;915;21.72194;70.12278;4769137;5258998;754625;7793631;20200101;-8.1;2;1;0;0.51;2
18273;75220;218549;NO;4;11.14056;64.83472;4375491;4636850;316966;7195617;20200101;5.1;2;1;0;0.06;1.49269
18274;87772;218550;NO;1095;16.36056;68.58639;4582642;5063284;555432;7608857;20200101;-8;2;1;0;0.12;1.73486
18275;67280;218551;NO;299;10.17889;62.95333;4330123;4427866;255578;6989556;20200101;1.3;2;1;0;0.09;1.49269
18277;17980;218553;NO;92;10.82333;59.84278;4367274;4082734;266033;6641280;20200101;-1.1;2;1;0;6.3;1.98539
18279;77230;218554;NO;72;13.21806;65.78417;4469398;4744957;418449;7297010;20200101;2.7;2;1;0;0.07;1.49269
18280;89010;218555;NO;982;18.12889;69.28944;4644850;5147915;623444;7689791;20200101;-8.1;2;1;0;0;1.96033
18281;25830;218556;NO;1210;7.52667;60.59389;4185097;4168298;91252;6740826;20200101;-3.8;2;1;0;0.11;1.49269
18282;79700;218557;NO;110;14.53;66.39583;4524983;4815854;479000;7364111;20200101;0.3;2;1;0;0.12;1.52192
18283;63820;218558;NO;680;9.58278;62.44694;4299365;4371736;220664;6935692;20200101;2.1;2;1;0;1.14;1.67641
18284;27403;218559;NO;1;10.45417;59.20806;4347000;4012001;240538;6572068;20200101;5;2;1;0;0.24;1.5595
18285;41175;218560;NO;280;7.43889;58.27694;4170519;3911095;57102;6484458;20200101;2.5;2;1;0;0.02;1.94363
18286;49420;218561;NO;470;6.62917;60.12806;4133217;4118632;35737;6695159;20200101;1.8;2;1;0;0.04;1.49269
18287;60850;218562;NO;1;6.4325;62.43167;4136010;4374667;58565;6951605;20200101;6.5;2;1;0;0.12;1.49269
18289;60240;218564;NO;900;6.99306;62.19083;4163832;4346605;84012;6921209;20200101;-1.5;2;1;0;0.18;1.49269
18290;84500;218565;NO;200;17.66167;68.43167;4638025;5051761;609166;7593351;20200101;-0.7;2;1;0;1.14;1.93528
18291;91130;218566;NO;710;20.09389;69.55889;4717671;5187655;698346;7724951;20200101;-6.4;2;1;0;0.05;2
18292;2650;218567;NO;128;11.58;59.91167;4409615;4091108;308789;6646514;20200101;0.1;2;1;0;0.31;2
18293;36330;218568;NO;134;8.70278;58.51556;4245270;3935616;133478;6503314;20200101;4.5;2;1;0;0.68;1.77244
18295;87640;218569;NO;45;16.53694;68.80278;4587357;5087726;562014;7633147;20200101;-0.8;2;1;0;0.38;1.69729
18296;80705;218570;NO;520;13.94806;66.8275;4495833;4861910;453810;7412540;20200101;-0.9;2;1;0;0.7;1.49269
18297;90110;218571;NO;740;18.62056;69.42278;4662266;5164880;641945;7705705;20200101;-6.5;2;1;0;0.06;1.93111
18298;28922;218572;NO;275;9.14667;60.04333;4273323;4105040;174227;6670673;20200101;2.1;2;1;0;1.29;2
18299;45870;218573;NO;30;6.03639;59.16;4093912;4012904;-11591;6592335;20200101;5.7;2;1;0;0.13;1.49269
18300;3720;218574;NO;87;11.09583;59.58694;4383050;4054512;279609;6611891;20200101;2;2;1;0;0;2
18301;47350;218575;NO;25;5.07806;59.43806;4041345;4047173;-61413;6630848;20200101;6.9;2;1;0;0.6;1.49269
18302;18210;218576;NO;100;10.80389;59.92306;4366074;4091643;265512;6650277;20200101;1.8;2;1;0;0.87;2
18303;27433;218577;NO;1;10.36556;59.17417;4341948;4008205;235224;6568649;20200101;4.9;2;1;0;0.05;1.49269
18304;81775;218578;NO;520;15.46278;66.74333;4563572;4857185;520391;7402844;20200101;-1.6;2;1;0;0.31;2
18307;27406;218581;NO;2;10.42389;59.16889;4345294;4007637;238513;6567832;20200101;4.4;2;1;0;0.22;1.49269
18309;68120;218583;NO;135;10.35944;63.36278;4339080;4473314;268018;7034414;20200101;3.1;2;1;0;0.02;1.49269
18311;53101;218585;NO;49;6.64528;61.1725;4139938;4234491;51436;6810727;20200101;6.1;2;1;0;0.66;1.49269
18312;90720;218586;NO;26;18.69389;69.99028;4656318;5227260;640991;7769061;20200101;-0.2;2;1;0;0.21;1.90188
18314;78360;218588;NO;126;13.58667;66.13167;4484210;4784188;436189;7335306;20200101;1.8;2;1;0;0.03;1.49269
18315;9160;218589;NO;694;9.99444;62.12806;4320709;4336282;239111;6898529;20200101;1;2;1;0;0.67;2
18316;6020;218590;NO;185;12.0125;60.61417;4431522;4169747;336501;6723528;20200101;1.4;2;1;0;1.65;2
18317;84900;218591;NO;512;18.07667;68.43194;4655101;5053751;626174;7594175;20200101;-4.1;2;1;0;0.07;2
18318;61340;218592;NO;4;7.67167;62.56417;4200752;4386670;123871;6958422;20200101;4.8;2;1;0;0.38;1.49269
18319;26996;218593;NO;437;10.10528;59.64694;4326951;4060706;224244;6622267;20200101;0.7;2;1;0;0.57;1.73904
18320;26350;218594;NO;143;9.43889;60.13556;4289735;4115125;191329;6679514;20200101;0.1;2;1;0;3.6;2
18321;58900;218595;NO;208;6.55833;61.91556;4139535;4317126;57522;6893607;20200101;2.9;2;1;0;0.04;1.49269
18322;25112;218596;NO;807;8.5175;60.87056;4240211;4197503;148359;6765773;20200101;1.2;2;1;0;0.55;1.79332
18323;82720;218597;NO;665;15.82806;67.33333;4573714;4923485;535609;7468777;20200101;-3.4;2;1;0;0.05;2
18324;13655;218598;NO;928;9.40194;61.53056;4289066;4270087;202546;6834674;20200101;0;2;1;0;0.26;2
18353;82310;218599;NO;5;14.43056;67.30806;4513428;4916206;475486;7465834;20200101;2.5;2;1;0;0.01;1.49269
18364;80707;218600;NO;930;13.90667;66.83028;4493983;4862113;451998;7412881;20200101;-3.4;2;1;0;0.05;1.49269
18369;13750;218601;NO;1088;8.89417;61.41806;4261746;4257924;174445;6824608;20200101;-0.4;2;1;0;1.66;1.76827
18377;8780;218602;NO;780;10.00028;62.01028;4321015;4323209;238402;6885413;20200101;2;2;1;0;2.41;2
18394;68230;218603;NO;84;10.42278;63.39833;4342240;4477274;271463;7038140;20200101;3.4;2;1;0;0.15;1.49269
18499;51440;218605;NO;17;6.11056;60.64667;4107702;4177648;14894;6756331;20200101;2.9;2;1;0;3.23;1.49269
18510;25541;218606;NO;992;8.00389;60.68083;4211599;4177125;118314;6747593;20200101;-1.3;2;1;0;0;1.49269
18584;37150;218607;NO;570;8.65333;59.05194;4243565;3995296;136270;6563140;20200101;0.3;2;1;0;0.09;1.6263
18586;26500;218608;NO;64;9.97278;59.92028;4319473;4091079;219098;6653207;20200101;1.1;2;1;0;0.54;2
18588;26590;218609;NO;4;10.23083;59.74417;4334011;4071528;232088;6632560;20200101;2.4;2;1;0;0.03;2
18628;26790;218610;NO;4;10.0275;59.74944;4322550;4072094;220724;6633986;20200101;1.8;2;1;0;0.22;2
18646;29350;218612;NO;648;8.70556;60.255;4249134;4128929;151972;6696434;20200101;1;2;1;0;0.03;1.60543
18649;31970;218613;NO;1804;8.65583;59.84944;4245472;4083922;144891;6651671;20200101;-7;2;1;0;0.75;2
18659;80615;218614;NO;1362;13.92944;66.64306;4496279;4841503;452640;7391996;20200101;-6.5;2;1;0;0.01;1.49269
18665;26802;218615;NO;166;10.02556;59.73278;4322441;4070242;220476;6632142;20200101;1.9;2;1;0;2.43;2
18670;29900;218616;NO;1250;7.56917;60.37778;4186559;4144221;90849;6716597;20200101;-3.8;2;1;0;0.28;1.49269
18692;71000;218617;NO;6;11.44917;64.02167;4392257;4547054;326524;7104263;20200101;3.5;2;1;0;1.09;1.49269
18807;26810;218686;NO;7;9.91556;59.76889;4316244;4074257;214611;6636625;20200101;2.2;2;1;0;0.03;2
20066;33950;218996;NO;990;7.21417;59.81167;4164328;4082083;63925;6656107;20200101;-1.8;2;1;0;0.01;1.49269
21780;18020;219019;NO;135;10.8185;59.8775;4366955;4086590;266007;6645159;20200101;1.3;2;1;0;1.55;2
21783;18270;219020;NO;200;10.9185;59.9683;4372432;4096748;272222;6654909;20200101;-0.9;2;1;0;1.42;2
21784;18420;219021;NO;136;10.7903;59.946;4365283;4094184;264916;6652878;20200101;1.5;2;1;0;0.58;2
21790;18701;219022;NO;94;10.7202;59.9423;4361359;4093731;260978;6652717;20200101;0.9;2;1;0;0.36;2
21797;18980;219023;NO;23;10.635;59.9185;4356610;4091040;256049;6650382;20200101;1.9;2;1;0;0;2
21800;44640;219025;NO;72;5.7278;58.9563;4074830;3991320;-32287;6572211;20200101;5.3;2;1;0;0.04;1.49269
21802;44730;219026;NO;19;5.7592;58.8662;4076012;3981211;-31881;6561990;20200101;5.2;2;1;0;0.54;1.49269
21805;45350;219027;NO;5;6.6467;59.0552;4128269;3999467;21656;6576186;20200101;5.6;2;1;0;0.18;1.49269
21809;44190;219028;NO;92;5.7262;58.7345;4073188;3966707;-35809;6547679;20200101;4.5;2;1;0;0.52;1.49269
21821;46610;219030;NO;5;6.3499;59.6479;4114781;4066108;13311;6643994;20200101;4.5;2;1;0;0.13;1.49269
21824;47260;219031;NO;24;5.2115;59.3445;4048177;4036278;-55435;6619380;20200101;6.9;2;1;0;0.74;1.49269
21827;47300;219032;NO;55;4.8723;59.3065;4028569;4033412;-75231;6618073;20200101;6.5;2;1;0;0.15;1.49269
21829;64300;219033;NO;5;7.7027;63.1257;4204541;4448880;132553;7020507;20200101;6.6;2;1;0;0.25;1.49269
21834;60800;219034;NO;5;6.8167;62.4775;4156162;4378792;78929;6954108;20200101;6.2;2;1;0;0.29;1.49269
21836;60890;219036;NO;33;6.4013;62.4654;4134599;4378488;57465;6955553;20200101;4.7;2;1;0;3.11;1.49269
21841;62480;219038;NO;20;6.5378;62.8585;4143965;4421697;70212;6998140;20200101;6.8;2;1;0;0.36;1.49269
21849;60500;219041;NO;11;7.4218;62.2305;4186402;4350116;106728;6922919;20200101;3.4;2;1;0;1.64;1.49269
21851;60650;219042;NO;34;7.2173;62.288;4176002;4356899;96923;6930553;20200101;5;2;1;0;1.3;1.49269
21864;63420;219043;NO;6;8.5473;62.6785;4246246;4398137;169970;6966305;20200101;5.8;2;1;0;0.89;1.49269
21879;82290;219047;NO;11;14.3637;67.267;4510844;4911494;472561;7461286;20200101;2.2;2;1;0;0.05;1.49269
21888;76750;219049;NO;17;12.4783;65.9635;4434531;4763393;385410;7318145;20200101;4.4;2;1;0;0.14;1.49269
21897;80200;219050;NO;115;13.1848;66.3892;4464508;4811755;418881;7364470;20200101;2.9;2;1;0;0.28;1.49269
21905;80700;219051;NO;39;13.9793;66.8102;4497335;4860080;455150;7410589;20200101;2.5;2;1;0;0.01;1.49269
21926;86070;219053;NO;940;13.5725;68.2212;4470442;5014766;440898;7568210;20200101;-3.6;2;1;0;1.01;1.49269
21928;85380;219054;NO;14;14.6485;68.1535;4515939;5009990;485403;7560020;20200101;2.1;2;1;0;0.72;1.68894
21944;87110;219055;NO;10;16.1312;69.3073;4565362;5141616;544607;7689040;20200101;0.5;2;1;0;0.05;1.54697
21950;17150;219056;NO;40;10.798;59.3742;4366466;4030642;261313;6589257;20200101;4.6;2;1;0;0.11;1.98121
21954;3190;219057;NO;57;11.1128;59.2852;4384563;4020991;278602;6578270;20200101;3.8;2;1;0;0.25;2
21972;17050;219061;NO;12;10.8145;59.3188;4367480;4024495;261862;6583037;20200101;4.1;2;1;0;0.46;1.92276
21976;17870;219062;NO;120;10.8107;59.6703;4366794;4063559;264113;6622143;20200101;2.3;2;1;0;0.57;2
22021;12290;219065;NO;141;11.095;60.8002;4380803;4189304;287556;6746856;20200101;-0.9;2;1;0;1.95;2
22028;12550;219066;NO;128;10.8055;60.7733;4365029;4186104;271629;6744837;20200101;3;2;1;0;1.74;2
22031;5350;219067;NO;147;11.558;60.3883;4407152;4144031;310326;6699612;20200101;1.9;2;1;0;0;2
22048;66860;219069;NO;545;10.2738;62.5843;4335134;4386941;257367;6948165;20200101;0.6;2;1;0;0.01;1.49269
22049;66890;219070;NO;900;10.5583;62.5775;4349827;4386273;271903;6946370;20200101;-2;2;1;0;0.38;1.49269
22050;66990;219071;NO;860;10.1677;62.5;4329681;4377569;251224;6939196;20200101;-0.9;2;1;0;0.05;1.77662
22054;16610;219073;NO;973;9.2862;62.1133;4283585;4334833;202117;6899946;20200101;-1.9;2;1;0;0.79;1.91441
22068;55290;219076;NO;1413;7.9957;61.5648;4214108;4275272;128419;6845709;20200101;-5.1;2;1;0;0.19;1.49269
22080;11500;219077;NO;264;10.8695;60.7002;4368633;4178026;274598;6736485;20200101;1.8;2;1;0;0.21;2
22093;23410;219082;NO;822;9.3014;61.0032;4283082;4211577;192088;6776553;20200101;0.7;2;1;0;0.1;2
22126;27500;219093;NO;6;10.5242;59.0272;4351165;3991924;243181;6551688;20200101;6.1;2;1;0;1.29;1.50104
22132;32060;219094;NO;93;9.2128;59.3822;4276160;4031524;171474;6596908;20200101;0.9;2;1;0;0.31;1.99374
22143;37230;219097;NO;252;8.5187;59.0257;4235761;3992533;128286;6560969;20200101;3;2;1;0;0.66;1.64718
22163;36200;219098;NO;12;8.7893;58.3988;4250090;3922546;137302;6489879;20200101;6.1;2;1;0;0.32;1.69311
22165;39040;219099;NO;12;8.0767;58.2;4207742;3901364;93495;6471890;20200101;5.3;2;1;0;0.1;1.75574
22166;39100;219100;NO;9;8.0532;58.0732;4205957;3887305;90662;6457961;20200101;6;2;1;0;0.04;1.58455
22169;41770;219101;NO;16;7.048;57.9815;4146150;3879152;30385;6454351;20200101;6.8;2;1;0;2.89;1.49687
22172;42160;219102;NO;14;6.5675;58.109;4118424;3894589;3874;6471931;20200101;6.7;2;1;0;0.6;1.49269
22176;35860;219103;NO;4;9.1479;58.6361;4271422;3948627;160514;6514357;20200101;5.9;2;1;0;0.65;1.61378
22193;41480;219105;NO;268;7.4128;58.6172;4170422;3948962;59861;6522363;20200101;3.1;2;1;0;0.03;1.6096
22201;50480;219106;NO;37;5.2777;60.2913;4059317;4141029;-36192;6723508;20200101;5;2;1;0;0.03;1.49269
22205;50503;219107;NO;221;5.3967;60.35;4066348;4147104;-28707;6729032;20200101;3.6;2;1;0;0.16;1.49269
22231;51470;219109;NO;328;6.222;60.6455;4113800;4177188;20933;6755381;20200101;2.9;2;1;0;0.74;1.49269
22247;52535;219110;NO;19;4.715;60.7525;4032245;4194333;-59012;6779172;20200101;7.2;2;1;0;2.44;1.49269
22249;52860;219111;NO;38;5.3813;61.0272;4070697;4222235;-18487;6804024;20200101;5.5;2;1;0;0.03;1.49269
22272;55425;219116;NO;1566;7.3892;61.5972;4181920;4279925;96766;6852917;20200101;-5.8;2;1;0;0.26;1.49269
22274;56960;219117;NO;311;6.3758;61.4202;4126909;4262681;40674;6840033;20200101;1.1;2;1;0;0.68;1.49269
22278;57810;219118;NO;16;5.2983;61.7707;4072056;4304917;-10605;6886856;20200101;5.8;2;1;0;0.01;1.49269
22279;59450;219119;NO;75;5.2115;62.1467;4070495;4346871;-8822;6929086;20200101;6.3;2;1;0;0.68;1.49269
22300;63583;219122;NO;647;9.1;62.69;4274702;4398937;198295;6964871;20200101;2.2;2;1;0;0.62;1.49269
22301;63850;219123;NO;690;9.5505;62.6393;4297838;4393090;220812;6957207;20200101;1;2;1;0;0.39;1.49269
22302;66560;219124;NO;660;9.6988;62.8272;4305575;4413895;230120;6977455;20200101;1.6;2;1;0;1.02;1.49269
22303;66720;219125;NO;440;10.0188;62.8332;4321963;4414528;246438;6976820;20200101;0;2;1;0;1.96;1.49269
22321;69100;219128;NO;12;10.9305;63.4597;4367650;4484325;297220;7043256;20200101;4.5;2;1;0;0;1.49269
22325;70850;219129;NO;195;12.4692;64.1587;4441815;4563637;376940;7117145;20200101;1.2;2;1;0;0.01;1.49269
22335;71370;219130;NO;158;10.1838;63.6427;4330158;4504318;261596;7066186;20200101;4;2;1;0;0.05;1.49269
22341;71550;219131;NO;10;9.6105;63.7045;4301635;4511212;233846;7075320;20200101;5.6;2;1;0;0.11;1.49269
22343;71740;219132;NO;89;10.3615;63.93;4338834;4536202;272706;7097485;20200101;4.8;2;1;0;0.16;1.49269
22351;66230;219135;NO;240;9.8197;63.1423;4311863;4448827;239093;7011977;20200101;2.4;2;1;0;0.09;1.49269
22354;90450;219136;NO;100;18.9368;69.6537;4671013;5191708;652672;7732176;20200101;-1.5;2;1;0;0.21;1.84342
22365;98550;219137;NO;10;31.0962;70.3707;5107658;5370342;1097310;7886881;20200101;-3.1;2;1;0;0.03;2
22382;89350;219140;NO;76;18.5437;69.0577;4664806;5124569;641289;7664878;20200101;-2.8;2;1;0;0.95;2
22385;89920;219141;NO;1655;19.4695;68.751;4706956;5095945;680639;7633169;20200101;-13.3;2;1;0;0.04;2
22392;88690;219142;NO;33;17.8312;69.6005;4628699;5180594;610103;7723873;20200101;0.5;2;1;0;1.09;1.49269
22394;89985;219144;NO;1074;19.5442;69.1025;4704012;5134752;680754;7672492;20200101;-8.9;2;1;0;0.1;2
22399;91500;219146;NO;697;20.4153;69.5576;4730212;5189401;710847;7725883;20200101;-7.1;2;1;0;0.22;2
22402;91530;219147;NO;1237;20.5787;69.4818;4738003;5182130;717964;7718034;20200101;-10.7;2;1;0;0;2
22407;92350;219148;NO;20;21.8958;69.8362;4781805;5229069;764798;7762587;20200101;-1.6;2;1;0;0.05;2
22412;94500;219149;NO;13;23.9817;71.0937;4829834;5379721;823762;7911914;20200101;-1.1;2;1;0;0.07;1.49269
22414;94670;219150;NO;379;25.8907;70.984;4901018;5383183;894168;7911159;20200101;-5.5;2;1;0;1.52;1.53862
22420;97350;219152;NO;286;24.4312;69.3695;4890421;5197643;869593;7724112;20200101;-12.5;2;1;0;0.17;2
22423;96400;219153;NO;8;28.217;71.0888;4980230;5415469;974740;7939381;20200101;-2.2;2;1;0;0.29;1.49269
22431;98400;219155;NO;9;30.07;70.7057;5058784;5394021;1050718;7913415;20200101;-2.3;2;1;0;0.12;1.71399
